場所,R,馬番,馬名,種牡馬名,種牡馬利益度_1,種牡馬利益度_2,種牡馬利益度_3,種牡馬利益度_4,種牡馬利益度_5,種牡馬利益度_6,種牡馬利益度_7,種牡馬利益度_8,種牡馬利益度,種牡馬利益度順位
中山,1,1,フクチャンヒメ,ドレフォン,-3.0,2712.0,5543.0,2608.0,2133.0,2542.0,2587.0,1677.0,19799.0,1.0
中山,1,2,マリアディオーサ,スマートファルコン,662.0,6.0,-229.0,193.0,-43.0,-155.0,,-48.0,386.0,6.0
中山,1,3,クインズシフォン,デクラレーションオブウォー,112.0,-365.0,-1041.0,460.0,1127.0,81.0,,946.0,1320.0,5.0
中山,1,4,グローブミッション,ノーブルミッション,-451.0,-1955.0,-1824.0,,-2248.0,-2293.0,-655.0,-414.0,-9840.0,16.0
中山,1,5,シンフォニーシーズ,マクフィ,-625.0,-286.0,-385.0,-999.0,-513.0,-47.0,,-1425.0,-4280.0,11.0
中山,1,6,ヴィーナスゼファー,Justify,-329.0,-478.0,-533.0,-700.0,-423.0,-902.0,-332.0,-602.0,-4299.0,12.0
中山,1,7,ステラマテュティナ,リアルインパクト,-125.0,567.0,-301.0,2440.0,533.0,-153.0,1346.0,-583.0,3724.0,4.0
中山,1,8,セイリオス,ミスターメロディ,-463.0,-228.0,-1856.0,,-167.0,-473.0,,-347.0,-3534.0,9.0
中山,1,9,プレミアムハニー,スマートファルコン,662.0,6.0,-229.0,193.0,-43.0,-155.0,,-48.0,386.0,6.0
中山,1,10,アナベルケイツー,ドレフォン,-3.0,2712.0,5543.0,2608.0,2133.0,2542.0,2587.0,1677.0,19799.0,1.0
中山,1,11,サンパギータチャン,ダノンレジェンド,719.0,229.0,4811.0,1849.0,2562.0,3179.0,,1209.0,14558.0,3.0
中山,1,12,エーデルムート,シルバーステート,1918.0,-2175.0,-4781.0,-716.0,-1355.0,-268.0,,-694.0,-8071.0,14.0
中山,1,13,ミニョンマルーン,ミスターメロディ,-463.0,-228.0,-1856.0,,-167.0,-473.0,,-347.0,-3534.0,9.0
中山,1,14,ミサビスケッツ,マインドユアビスケッツ,-1444.0,-272.0,-2646.0,-2569.0,389.0,-2241.0,82.0,-280.0,-8981.0,15.0
中山,1,15,ドルーリー,サトノクラウン,422.0,-3346.0,-174.0,-1737.0,-221.0,-1479.0,,974.0,-5561.0,13.0
中山,1,16,ニシノステディミキ,ミッキーロケット,338.0,89.0,-613.0,-424.0,-135.0,346.0,111.0,-253.0,-541.0,8.0
中山,2,1,ヴィラスターリ,カリフォルニアクローム,496.0,1874.0,1310.0,1253.0,55.0,1358.0,,705.0,7051.0,3.0
中山,2,2,レッドレントラー,サトノアラジン,-404.0,-993.0,-1225.0,-998.0,-1250.0,-827.0,,-670.0,-6367.0,13.0
中山,2,3,マイウェイ,サトノクラウン,422.0,-3346.0,-174.0,-1737.0,-2706.0,-1479.0,-877.0,974.0,-8923.0,14.0
中山,2,4,シリウスライト,アメリカンペイトリオット,851.0,-181.0,-1007.0,-452.0,315.0,1481.0,-939.0,-797.0,-729.0,9.0
中山,2,5,ヨドノタイヨウ,ミッキーロケット,338.0,89.0,-613.0,-424.0,21.0,346.0,,-253.0,-496.0,8.0
中山,2,6,キングズトゥルー,ウインブライト,385.0,664.0,293.0,,-55.0,-102.0,-653.0,319.0,851.0,7.0
中山,2,7,ブライトメール,サートゥルナーリア,-707.0,78.0,452.0,,-851.0,-390.0,-209.0,-316.0,-1943.0,11.0
中山,2,8,タケルサバイバル,ホッコータルマエ,300.0,954.0,965.0,1566.0,40.0,-768.0,125.0,662.0,3844.0,5.0
中山,2,9,ナムラジミー,モーニン,-501.0,-1368.0,-2772.0,-2999.0,-858.0,-1088.0,-967.0,-330.0,-10883.0,15.0
中山,2,10,グレイスザクラウン,リーチザクラウン,-94.0,-111.0,-188.0,-38.0,-238.0,-339.0,-197.0,-29.0,-1234.0,10.0
中山,2,11,ファイアリーホット,ミッキーアイル,6.0,682.0,-837.0,-612.0,47.0,1117.0,1761.0,-10.0,2154.0,6.0
中山,2,12,ライフゲート,マインドユアビスケッツ,-1444.0,-272.0,-2646.0,-2569.0,-1831.0,-2241.0,-540.0,-280.0,-11823.0,16.0
中山,2,13,ヴィーデ,ルヴァンスレーヴ,540.0,-957.0,891.0,,1137.0,3608.0,-795.0,-291.0,4133.0,4.0
中山,2,14,ガイ,ラニ,710.0,75.0,2043.0,961.0,1232.0,1786.0,,537.0,7344.0,2.0
中山,2,15,マルターズヴェロス,キズナ,588.0,1802.0,696.0,2547.0,3921.0,3253.0,,-256.0,12551.0,1.0
中山,2,16,ヘビーキュー,コパノリッキー,252.0,-342.0,-2742.0,-1865.0,97.0,-1172.0,1034.0,-1480.0,-6218.0,12.0
中山,3,1,イタリックタイプ,ロゴタイプ,-99.0,-1977.0,-290.0,-408.0,-1801.0,-167.0,,-307.0,-5049.0,13.0
中山,3,2,ラストシャリナ,アルアイン,-758.0,-3469.0,-1694.0,-3762.0,-1576.0,-2238.0,-1826.0,-1370.0,-16693.0,15.0
中山,3,3,ファリア,メイショウボーラー,-100.0,-459.0,-262.0,-389.0,-1128.0,-541.0,531.0,23.0,-2325.0,11.0
中山,3,4,マオノクラッシュ,リアルインパクト,-125.0,567.0,-301.0,2440.0,533.0,-153.0,1346.0,-583.0,3724.0,6.0
中山,3,5,ボンジュールアスク,ルーラーシップ,52.0,1741.0,-317.0,645.0,2649.0,-4.0,1680.0,-398.0,6048.0,4.0
中山,3,6,スヴァローグ,パイロ,-271.0,495.0,1911.0,1709.0,324.0,1506.0,,554.0,6228.0,3.0
中山,3,7,フレイム,パイロ,-271.0,495.0,1911.0,1709.0,324.0,1506.0,61.0,554.0,6289.0,2.0
中山,3,8,アルマヴィーナス,サトノダイヤモンド,451.0,2121.0,-41.0,-1057.0,414.0,-854.0,2069.0,-493.0,2610.0,7.0
中山,3,9,ロッカバイベイビー,ルヴァンスレーヴ,540.0,-957.0,891.0,,1262.0,3608.0,-611.0,-291.0,4442.0,5.0
中山,3,10,ライヴドライバー,フォーウィールドライブ,439.0,1462.0,1178.0,,3796.0,1050.0,436.0,-549.0,7812.0,1.0
中山,3,11,ショウナンラリー,ナダル,622.0,-285.0,1035.0,,-824.0,55.0,,21.0,624.0,9.0
中山,3,12,ノックシュライン,Omaha Beach,256.0,458.0,42.0,42.0,-497.0,443.0,,-242.0,502.0,10.0
中山,3,13,ラインアルテミス,アジアエクスプレス,264.0,-621.0,586.0,-534.0,816.0,1529.0,178.0,-121.0,2097.0,8.0
中山,3,14,プリヤンカー,マクフィ,-625.0,-286.0,-385.0,-999.0,-513.0,-47.0,614.0,-1425.0,-3666.0,12.0
中山,3,15,セイカエイレーネー,エイシンフラッシュ,-138.0,-643.0,-1122.0,-937.0,-2976.0,-1906.0,-942.0,-338.0,-9002.0,14.0
中山,3,16,ニシノテュケ,エピファネイア,-1442.0,-1602.0,-3367.0,-3588.0,-3687.0,-5692.0,-3695.0,-811.0,-23884.0,16.0
中山,4,1,ポリアンセモス,リアルスティール,1291.0,3353.0,3041.0,4033.0,1180.0,1961.0,,673.0,15532.0,2.0
中山,4,2,サバイバルナイン,アレスバローズ,-157.0,-472.0,-315.0,,-157.0,397.0,-315.0,-79.0,-1098.0,12.0
中山,4,3,フォンデネージュ,ドレフォン,-3.0,2712.0,5543.0,2608.0,2178.0,2542.0,,1677.0,17257.0,1.0
中山,4,4,ニシノフローレス,ホッコータルマエ,300.0,954.0,965.0,1566.0,40.0,-768.0,,662.0,3719.0,8.0
中山,4,5,エミネントキャリア,スワーヴリチャード,509.0,145.0,-1297.0,-1873.0,787.0,-2064.0,-224.0,15.0,-4002.0,13.0
中山,4,6,ブルーユンチェリー,フィエールマン,1278.0,1356.0,342.0,,812.0,140.0,,491.0,4419.0,7.0
中山,4,7,ライズトゥザトップ,パイロ,-271.0,495.0,1911.0,1709.0,1669.0,1506.0,846.0,554.0,8419.0,5.0
中山,4,8,ミラクルダンサー,サトノダイヤモンド,451.0,2121.0,-41.0,-1057.0,-472.0,-854.0,,-493.0,-345.0,11.0
中山,4,9,ミスパナギア,ホークビル,-2035.0,540.0,-2825.0,232.0,401.0,-1154.0,681.0,-1204.0,-5364.0,14.0
中山,4,10,カルタジローネ,リアルスティール,1291.0,3353.0,3041.0,4033.0,1180.0,1961.0,,673.0,15532.0,2.0
中山,4,11,クロメヒョウ,タリスマニック,-54.0,1050.0,325.0,837.0,-174.0,-191.0,,64.0,1857.0,9.0
中山,4,12,トーアナカヨシ,ホークビル,-2035.0,540.0,-2825.0,232.0,401.0,-1154.0,,-1204.0,-6045.0,15.0
中山,4,13,ハナヒラク,サングラス,,,,,,,,,,
中山,4,14,ファランジリング,キタサンブラック,-685.0,937.0,787.0,-564.0,263.0,1214.0,,-153.0,1799.0,10.0
中山,4,15,キューティリップ,リアルスティール,1291.0,3353.0,3041.0,4033.0,1180.0,1961.0,-941.0,673.0,14591.0,4.0
中山,4,16,ペイシャリサデル,ディスクリートキャット,388.0,684.0,293.0,831.0,-456.0,1280.0,2208.0,824.0,6052.0,6.0
中山,5,1,ラムコーク,ドゥラメンテ,-602.0,-806.0,-829.0,-753.0,-1137.0,-809.0,-451.0,,-5387.0,16.0
中山,5,2,レッドバンデ,キズナ,588.0,1802.0,4251.0,2547.0,3921.0,3253.0,5483.0,,21845.0,1.0
中山,5,3,ピエナフェーヴル,オルフェーヴル,129.0,930.0,1764.0,1034.0,1044.0,1152.0,,,6053.0,4.0
中山,5,4,ヘヴンウィンド,エピファネイア,-1442.0,-1602.0,-2937.0,-3588.0,-1809.0,-5692.0,-1724.0,,-18794.0,17.0
中山,5,5,エアイナーン,ゴールドシップ,-608.0,396.0,580.0,662.0,1279.0,1463.0,325.0,,4097.0,6.0
中山,5,6,ケーニッヒブルート,スクリーンヒーロー,44.0,537.0,823.0,1856.0,414.0,1488.0,802.0,,5964.0,5.0
中山,5,7,アルカラス,ゴールドシップ,-608.0,396.0,580.0,662.0,1279.0,1463.0,-781.0,,2991.0,9.0
中山,5,8,ガスパール,ジャスタウェイ,-465.0,681.0,-261.0,-92.0,-334.0,826.0,1279.0,,1634.0,10.0
中山,5,9,ピンキースウェア,キズナ,588.0,1802.0,4251.0,2547.0,3921.0,3253.0,5483.0,,21845.0,1.0
中山,5,10,レイホーキング,エピファネイア,-1442.0,-1602.0,-2937.0,-3588.0,-1809.0,-5692.0,-1724.0,,-18794.0,17.0
中山,5,11,エルドジュリエーネ,ゴールドシップ,-608.0,396.0,580.0,662.0,1279.0,1463.0,325.0,,4097.0,6.0
中山,5,12,バーケンヘッド,アドマイヤマーズ,-223.0,-240.0,-428.0,,328.0,968.0,,,405.0,13.0
中山,5,13,ブリヤディアマンテ,サトノダイヤモンド,451.0,2121.0,-1096.0,-1057.0,-472.0,-854.0,2069.0,,1162.0,11.0
中山,5,14,マカナ,ゴールドシップ,-608.0,396.0,580.0,662.0,1279.0,1463.0,325.0,,4097.0,6.0
中山,5,15,ミクニインスパイア,アドマイヤマーズ,-223.0,-240.0,-428.0,,328.0,968.0,-321.0,,84.0,14.0
中山,5,16,ケアンズ,ダノンバラード,-2948.0,-59.0,1958.0,-197.0,754.0,634.0,499.0,,641.0,12.0
中山,5,17,ディベルティスマン,キズナ,588.0,1802.0,4251.0,2547.0,3921.0,3253.0,,,16362.0,3.0
中山,5,18,エターナルシルバー,シルバーステート,1918.0,-2175.0,1981.0,-716.0,-864.0,-268.0,-673.0,,-797.0,15.0
中山,6,1,バットスティンガー,キズナ,588.0,1802.0,4251.0,2547.0,3921.0,3253.0,5483.0,,21845.0,1.0
中山,6,2,セレニティ,ブリックスアンドモルタル,351.0,-621.0,1704.0,1564.0,1306.0,-1051.0,,,3253.0,4.0
中山,6,3,スイートオレンジ,ゴールドシップ,-608.0,396.0,580.0,662.0,1279.0,1463.0,,,3772.0,3.0
中山,6,4,ハニードレス,ブリックスアンドモルタル,351.0,-621.0,1704.0,1564.0,1306.0,-1051.0,,,3253.0,4.0
中山,6,5,アイスヴィレッジ,ブリックスアンドモルタル,351.0,-621.0,1704.0,1564.0,1306.0,-1051.0,,,3253.0,4.0
中山,6,6,アイスフィールド,ウインブライト,385.0,664.0,-402.0,,-55.0,-102.0,-653.0,,-163.0,13.0
中山,6,7,フォーエリーゼ,ルーラーシップ,52.0,1741.0,345.0,645.0,-1950.0,-4.0,,,829.0,10.0
中山,6,8,グロスビーク,シスキン,,-27.0,424.0,,35.0,424.0,-61.0,,795.0,11.0
中山,6,9,ニシノティターニア,Mendelssohn,234.0,577.0,-157.0,624.0,429.0,483.0,123.0,,2313.0,7.0
中山,6,10,ベールドインパクト,ダノンバラード,-2948.0,-59.0,1958.0,-197.0,754.0,634.0,,,142.0,12.0
中山,6,11,コスモグラニット,キタサンブラック,-685.0,937.0,-309.0,-564.0,263.0,1214.0,,,856.0,8.0
中山,6,12,サトノシャルレーヌ,サトノダイヤモンド,451.0,2121.0,-1096.0,-1057.0,-472.0,-854.0,,,-907.0,14.0
中山,6,13,ラヴァフォール,アルアイン,-758.0,-3469.0,-2262.0,-3762.0,-2319.0,-2238.0,-2455.0,,-17263.0,16.0
中山,6,14,ヴァーナリー,キタサンブラック,-685.0,937.0,-309.0,-564.0,263.0,1214.0,,,856.0,8.0
中山,6,15,デルマサターン,イスラボニータ,668.0,693.0,4154.0,725.0,-990.0,620.0,,,5870.0,2.0
中山,6,16,ビビデバビデブー,サトノダイヤモンド,451.0,2121.0,-1096.0,-1057.0,-472.0,-854.0,,,-907.0,14.0
中山,7,1,リアンベーレ,キズナ,588.0,2350.0,696.0,2547.0,3921.0,3253.0,54.0,-256.0,13153.0,1.0
中山,7,2,タマモカンパネラ,ナダル,622.0,39.0,1035.0,,443.0,55.0,,21.0,2215.0,5.0
中山,7,3,ニシノタンギー,サトノアラジン,-404.0,113.0,-1225.0,-998.0,-1250.0,-827.0,275.0,-670.0,-4986.0,14.0
中山,7,4,スワッガー,デクラレーションオブウォー,112.0,-336.0,-1041.0,460.0,-1205.0,81.0,-878.0,946.0,-1861.0,11.0
中山,7,5,オメガドライヴ,マインドユアビスケッツ,-1444.0,-2667.0,-2646.0,-2569.0,-1831.0,-2241.0,,-280.0,-13678.0,16.0
中山,7,6,ルグランヴァン,ルヴァンスレーヴ,540.0,-315.0,891.0,,1137.0,3608.0,,-291.0,5570.0,2.0
中山,7,7,ゴーゴータカシ,モーリス,-671.0,-2146.0,-2250.0,-400.0,-333.0,-1652.0,154.0,-309.0,-7607.0,15.0
中山,7,8,パーソナルアフェア,イスラボニータ,668.0,35.0,-2141.0,725.0,-990.0,620.0,,-272.0,-1355.0,10.0
中山,7,9,シャイニーシップ,ルーラーシップ,52.0,-1893.0,-317.0,645.0,-1950.0,-4.0,,-398.0,-3865.0,13.0
中山,7,10,ニューファウンド,ニューイヤーズデイ,-107.0,70.0,-123.0,-171.0,119.0,-660.0,,469.0,-403.0,7.0
中山,7,11,ソクヅモドラドラ,ミッキーアイル,6.0,851.0,-837.0,-612.0,47.0,1117.0,,-10.0,562.0,6.0
中山,7,12,イムホテプ,ニューイヤーズデイ,-107.0,70.0,-123.0,-171.0,119.0,-660.0,,469.0,-403.0,7.0
中山,7,13,カージオイド,サトノダイヤモンド,451.0,-1161.0,-41.0,-1057.0,-472.0,-854.0,,-493.0,-3627.0,12.0
中山,7,14,ニシノケンタマン,アポロケンタッキー,428.0,-391.0,-281.0,-954.0,46.0,-8.0,,-34.0,-1194.0,9.0
中山,7,15,ホウオウゴールド,ディーマジェスティ,-72.0,925.0,699.0,544.0,150.0,869.0,-546.0,365.0,2934.0,3.0
中山,7,16,ディペンダブル,ナダル,622.0,39.0,1035.0,,443.0,55.0,53.0,21.0,2268.0,4.0
中山,8,1,ヴェルトラウム,ミッキーロケット,338.0,-54.0,-613.0,866.0,-135.0,346.0,,-253.0,495.0,6.0
中山,8,2,ウィウィルウィン,ダノンシャーク,-167.0,-124.0,-431.0,,-445.0,-58.0,,-53.0,-1278.0,9.0
中山,8,3,サクラファシナンテ,トーセンジョーダン,10.0,-29.0,400.0,1202.0,-162.0,30.0,,149.0,1600.0,4.0
中山,8,4,キングプロフィット,キンシャサノキセキ,138.0,-1865.0,-67.0,-316.0,-1136.0,855.0,-76.0,-779.0,-3246.0,11.0
中山,8,5,クインズポラリス,シニスターミニスター,1331.0,2599.0,9037.0,1599.0,2774.0,8102.0,,2684.0,28126.0,1.0
中山,8,6,エコロヴァルム,ロージズインメイ,8.0,-1101.0,-275.0,-70.0,-178.0,-556.0,-83.0,-4.0,-2259.0,10.0
中山,8,7,リワードファラオン,スマートファルコン,662.0,-130.0,-229.0,,-43.0,-155.0,-232.0,-48.0,-175.0,8.0
中山,8,8,ホワイトターフ,ゴールドシップ,-608.0,-733.0,-734.0,-2596.0,-1659.0,1463.0,-781.0,-559.0,-6207.0,12.0
中山,8,9,レッツリブオン,ダノンレジェンド,719.0,1705.0,4811.0,-101.0,2562.0,3179.0,,1209.0,14084.0,2.0
中山,8,10,ロサンゼルス,カリフォルニアクローム,496.0,619.0,1310.0,-236.0,1311.0,1358.0,1945.0,705.0,7508.0,3.0
中山,8,11,ブルーリヴァーサル,ディープスカイ,,,,,,,,,,
中山,8,12,ハローマイラブリー,モーリス,-671.0,-2146.0,-2250.0,-1874.0,-2142.0,-1652.0,,-309.0,-11044.0,15.0
中山,8,13,カツノテンス,シルバーステート,1918.0,-1068.0,-4781.0,-7.0,-1355.0,-268.0,,-694.0,-6255.0,13.0
中山,8,14,スマートオリーブ,キングカメハメハ,-292.0,-269.0,424.0,34.0,-291.0,201.0,688.0,-72.0,423.0,7.0
中山,8,15,ミスターディジェイ,タリスマニック,-54.0,-237.0,325.0,295.0,667.0,-191.0,70.0,64.0,939.0,5.0
中山,8,16,グランヒマラヤ,シルバーステート,1918.0,-1068.0,-4781.0,-7.0,-1355.0,-268.0,-673.0,-694.0,-6928.0,14.0
中山,9,1,ワンパット,シニスターミニスター,1331.0,2599.0,9037.0,1599.0,239.0,8102.0,3324.0,2684.0,28915.0,1.0
中山,9,2,ブロンディール,ハーツクライ,-175.0,-1690.0,-519.0,-1673.0,-996.0,-2972.0,,-235.0,-8260.0,13.0
中山,9,3,ティルドーン,Mor Spirit,,150.0,210.0,,,108.0,140.0,-36.0,572.0,8.0
中山,9,4,レッドリベルタ,リアルスティール,1291.0,756.0,3041.0,-2525.0,-83.0,1961.0,-941.0,673.0,4173.0,5.0
中山,9,5,トクシースタローン,ホッコータルマエ,300.0,-598.0,965.0,-2418.0,-194.0,-768.0,125.0,662.0,-1926.0,11.0
中山,9,6,インペリアルライン,ドゥラメンテ,-602.0,-1786.0,-2151.0,-3854.0,1044.0,-809.0,,-942.0,-9100.0,14.0
中山,9,7,オセアフラッグ,オルフェーヴル,129.0,1292.0,-224.0,441.0,772.0,1152.0,2285.0,287.0,6134.0,4.0
中山,9,8,コスモジンバック,Good Magic,437.0,1308.0,924.0,,462.0,478.0,,-83.0,3526.0,6.0
中山,9,9,シゲルカミカゼ,ドレフォン,-3.0,2702.0,5543.0,1870.0,279.0,2542.0,1886.0,1677.0,16496.0,2.0
中山,9,10,バレンタインガール,メイショウサムソン,-143.0,-198.0,-605.0,113.0,94.0,-143.0,-4.0,-87.0,-973.0,10.0
中山,9,11,グランオース,マジェスティックウォリアー,1.0,3281.0,1907.0,497.0,-270.0,2076.0,306.0,1854.0,9652.0,3.0
中山,9,12,フルングニル,イスラボニータ,668.0,35.0,-2141.0,1156.0,-123.0,620.0,2234.0,-272.0,2177.0,7.0
中山,9,13,ソウルアンドジャズ,ブリックスアンドモルタル,351.0,2059.0,-981.0,,-277.0,-1051.0,,307.0,408.0,9.0
中山,9,14,ロードブレイズ,ロードカナロア,1.0,-682.0,-288.0,1127.0,-47.0,-3552.0,,-968.0,-4409.0,12.0
中山,10,1,ウインレイアー,シルバーステート,1918.0,-1068.0,1981.0,-7.0,-1355.0,-268.0,,,1201.0,4.0
中山,10,2,ショウナンラスボス,ダイワメジャー,-90.0,-940.0,-636.0,-1508.0,-1303.0,-1639.0,,,-6116.0,11.0
中山,10,3,マルチャン,ラブリーデイ,-152.0,-1190.0,1004.0,583.0,-528.0,-32.0,,,-315.0,7.0
中山,10,4,アルセナール,エピファネイア,-1442.0,-6025.0,-2937.0,-1991.0,-3687.0,-5692.0,,,-21774.0,13.0
中山,10,5,ピックアチェリー,モーリス,-671.0,-2146.0,-847.0,-1706.0,-2142.0,-1652.0,,,-9164.0,12.0
中山,10,6,ディープリッチ,ディープブリランテ,-35.0,-837.0,-142.0,-1792.0,-1019.0,-603.0,,,-4428.0,10.0
中山,10,7,ユキノロイヤル,ディーマジェスティ,-72.0,925.0,-344.0,-181.0,363.0,869.0,,,1560.0,3.0
中山,10,8,レッドシュヴェルト,レッドファルクス,410.0,1407.0,-1743.0,,-129.0,-466.0,2672.0,,2151.0,2.0
中山,10,9,キョウエイブリッサ,グレーターロンドン,1084.0,1393.0,2228.0,,1829.0,1956.0,,,8490.0,1.0
中山,10,10,ワンダイレクト,ハービンジャー,369.0,-1020.0,423.0,-1249.0,397.0,2186.0,,,1106.0,5.0
中山,10,11,エンデミズム,ロードカナロア,1.0,-682.0,-1519.0,1234.0,1653.0,-3552.0,,,-2865.0,8.0
中山,10,12,スズカダブル,バゴ,-1037.0,631.0,-586.0,513.0,500.0,94.0,,,115.0,6.0
中山,10,13,オメガウインク,ロジャーバローズ,-917.0,24.0,-476.0,,601.0,-2735.0,,,-3503.0,9.0
中山,11,1,トワイライトシティ,エピファネイア,-1442.0,-389.0,-2937.0,-3588.0,-3687.0,-5692.0,,,-17735.0,12.0
中山,11,2,ベルビースタローン,ストロングリターン,-89.0,414.0,-693.0,-438.0,224.0,-23.0,226.0,,-379.0,7.0
中山,11,3,ラブアイミー,サンダースノー,1570.0,-551.0,-1402.0,4503.0,2687.0,4169.0,-2281.0,,8695.0,2.0
中山,11,4,キタノクニカラ,ダノンバラード,-2948.0,315.0,1958.0,-197.0,1588.0,634.0,,,1350.0,6.0
中山,11,5,ムーンライトラガー,オルフェーヴル,129.0,70.0,1764.0,1034.0,147.0,1152.0,402.0,,4698.0,3.0
中山,11,6,プリムツァール,イスラボニータ,668.0,1101.0,4154.0,725.0,3209.0,620.0,,,10477.0,1.0
中山,11,7,ヴィヴァラリス,デクラレーションオブウォー,112.0,332.0,716.0,460.0,1127.0,81.0,,,2828.0,4.0
中山,11,8,アルメントフーベル,サートゥルナーリア,-707.0,-188.0,-800.0,,418.0,-390.0,,,-1667.0,8.0
中山,11,9,ホウオウショコラ,ゴールドドリーム,-263.0,,-315.0,,-2512.0,108.0,,,-2982.0,10.0
中山,11,10,ジョリーレーヌ,モーリス,-671.0,-657.0,-847.0,-400.0,-2142.0,-1652.0,,,-6369.0,11.0
中山,11,11,ミーントゥビー,リアルインパクト,-125.0,-81.0,151.0,2440.0,533.0,-153.0,,,2765.0,5.0
中山,11,12,ピコローズ,サトノダイヤモンド,451.0,-246.0,-1096.0,-1057.0,414.0,-854.0,,,-2388.0,9.0
中山,12,1,ピコアーガイル,Justify,-329.0,-539.0,-652.0,-75.0,-423.0,-902.0,,,-2920.0,14.0
中山,12,2,エリカカリーナ,ミッキーアイル,6.0,851.0,1956.0,1327.0,830.0,1117.0,,,6087.0,2.0
中山,12,3,スーパーマン,シルバーステート,1918.0,-1068.0,1981.0,-7.0,-1355.0,-268.0,,,1201.0,8.0
中山,12,4,ヨール,ロードカナロア,1.0,-682.0,-1519.0,1234.0,1653.0,-3552.0,,,-2865.0,13.0
中山,12,5,ジャガード,トーセンラー,-260.0,22.0,-175.0,-1616.0,483.0,-162.0,-402.0,,-2110.0,11.0
中山,12,6,マルプリ,ミッキーアイル,6.0,851.0,1956.0,130.0,830.0,1117.0,,,4890.0,3.0
中山,12,7,ディージェーサン,マクフィ,-625.0,26.0,286.0,338.0,-513.0,-47.0,,,-535.0,10.0
中山,12,8,ニジュウダンサー,ミッキーアイル,6.0,851.0,1956.0,130.0,830.0,1117.0,1761.0,,6651.0,1.0
中山,12,9,オリアメンディ,ジョーカプチーノ,400.0,894.0,342.0,2522.0,-413.0,1145.0,,,4890.0,3.0
中山,12,10,スミレファースト,ニューイヤーズデイ,-107.0,70.0,572.0,,244.0,-660.0,,,119.0,9.0
中山,12,11,アララララ,アドマイヤムーン,-146.0,-710.0,-63.0,-141.0,-919.0,-766.0,,,-2745.0,12.0
中山,12,12,インプロバイザー,ダイワメジャー,-90.0,-940.0,-636.0,-1508.0,-1303.0,-1639.0,,,-6116.0,15.0
中山,12,13,アップストローク,ディーマジェスティ,-72.0,925.0,-344.0,-456.0,363.0,869.0,,,1285.0,7.0
中山,12,14,ヘルメース,ファインニードル,61.0,468.0,733.0,1523.0,353.0,-5.0,,,3133.0,5.0
中山,12,15,フミサウンド,ジャスタウェイ,-465.0,374.0,-261.0,552.0,691.0,826.0,978.0,,2695.0,6.0
中山,12,16,カリーシ,モーリス,-671.0,-2146.0,-847.0,-1706.0,-2142.0,-1652.0,-1055.0,,-10219.0,16.0
中京,1,1,コスモサンビタリア,ゴールドシップ,26.0,396.0,-734.0,662.0,1279.0,-1463.0,,,166.0,6.0
中京,1,2,サリーチェ,ドゥラメンテ,-537.0,-806.0,-2151.0,-753.0,-1137.0,-1880.0,,,-7264.0,12.0
中京,1,3,ウエスタンタマヤ,サンダースノー,478.0,3025.0,4847.0,4503.0,1191.0,-468.0,,,13576.0,1.0
中京,1,4,オーケーサイン,サングラス,,,,,,,,,,
中京,1,5,ホリゾンブルー,ゴールドシップ,26.0,396.0,-734.0,662.0,1279.0,-1463.0,-781.0,,-615.0,8.0
中京,1,6,ローズゴジャール,ルヴァンスレーヴ,-691.0,-957.0,891.0,,1137.0,-1038.0,,,-658.0,10.0
中京,1,7,リュクスビスケッツ,マインドユアビスケッツ,-1312.0,-272.0,-2646.0,-2569.0,-1831.0,785.0,-540.0,,-8385.0,13.0
中京,1,8,マンノミューズ,モズアスコット,58.0,616.0,1002.0,,1155.0,851.0,,,3682.0,4.0
中京,1,9,インナモラート,ジャスタウェイ,181.0,681.0,1037.0,-92.0,-334.0,-156.0,1279.0,,2596.0,5.0
中京,1,10,デザフィアドール,ミッキーアイル,83.0,682.0,-837.0,-612.0,47.0,51.0,,,-586.0,7.0
中京,1,11,ロジステート,シルバーステート,601.0,-2175.0,-4781.0,-716.0,-864.0,-1360.0,-673.0,,-9968.0,14.0
中京,1,12,キャッチーラン,サトノアラジン,432.0,-993.0,-1225.0,-998.0,-1250.0,-1300.0,275.0,,-5059.0,11.0
中京,1,13,エリタージュソング,ブリックスアンドモルタル,774.0,-621.0,-981.0,1564.0,1306.0,1767.0,,,3809.0,3.0
中京,1,14,ヴォルクメア,ラニ,51.0,75.0,2043.0,961.0,1232.0,167.0,,,4529.0,2.0
中京,1,15,ゴールドドロップ,ゴールドシップ,26.0,396.0,-734.0,662.0,1279.0,-1463.0,-781.0,,-615.0,8.0
中京,1,16,ミッシングユー,エピファネイア,24.0,-1602.0,-3367.0,-3588.0,-1809.0,-419.0,-1724.0,,-12485.0,15.0
中京,2,1,セイルロケット,スワーヴリチャード,182.0,145.0,-1297.0,-1873.0,-3067.0,-291.0,196.0,,-6005.0,15.0
中京,2,2,フィアマドラータ,ゴールドドリーム,-236.0,-1060.0,-384.0,,-2512.0,-1051.0,,,-5243.0,14.0
中京,2,3,ノーブルオーク,リアルインパクト,-53.0,567.0,-301.0,2440.0,533.0,181.0,,,3367.0,8.0
中京,2,4,サウンドモリアーナ,ミッキーアイル,83.0,682.0,-837.0,-612.0,830.0,51.0,,,197.0,11.0
中京,2,5,チョウハクタカ,レッドファルクス,276.0,-221.0,2243.0,-36.0,-129.0,737.0,,,2870.0,9.0
中京,2,6,インディゴアスール,リオンディーズ,-533.0,-1814.0,-460.0,-2627.0,-1631.0,-2040.0,,,-9105.0,16.0
中京,2,7,ベルトネ,パイロ,232.0,495.0,1911.0,1709.0,324.0,276.0,,,4947.0,4.0
中京,2,8,ジュエルハウス,ヘニーヒューズ,55.0,1232.0,1991.0,551.0,341.0,758.0,2019.0,,6947.0,2.0
中京,2,9,コーリンフウガ,ベストウォーリア,131.0,-1001.0,-175.0,-875.0,51.0,-101.0,102.0,,-1868.0,13.0
中京,2,10,エムティエスターテ,バンブーエール,13.0,554.0,943.0,956.0,1479.0,22.0,26.0,,3993.0,6.0
中京,2,11,ゼンブママノセイ,ミッキーアイル,83.0,682.0,-837.0,-612.0,830.0,51.0,1761.0,,1958.0,10.0
中京,2,12,エイトビートレター,ダノンレジェンド,119.0,229.0,4811.0,1849.0,2562.0,849.0,1072.0,,11491.0,1.0
中京,2,13,ルルーディ,ストロングリターン,-139.0,10.0,-189.0,-438.0,224.0,-497.0,184.0,,-845.0,12.0
中京,2,14,コンパクトファイト,ディスクリートキャット,577.0,684.0,293.0,831.0,2616.0,552.0,,,5553.0,3.0
中京,2,15,テイエムパイロット,パイロ,232.0,495.0,1911.0,1709.0,324.0,276.0,,,4947.0,4.0
中京,2,16,ロッキンミー,スクリーンヒーロー,55.0,537.0,-100.0,1856.0,1189.0,368.0,,,3905.0,7.0
中京,3,1,アストロマーチ,ウインブライト,306.0,664.0,-402.0,,84.0,139.0,,,791.0,9.0
中京,3,2,ノーブルフェスタ,リーチザクラウン,-13.0,-111.0,-479.0,-38.0,-412.0,-224.0,-197.0,,-1474.0,12.0
中京,3,3,エリカマルセイユ,キズナ,660.0,1802.0,4251.0,2547.0,-331.0,1572.0,,,10501.0,2.0
中京,3,4,ロングトーン,ダノンバラード,-209.0,-59.0,1958.0,-197.0,1588.0,1947.0,865.0,,5893.0,4.0
中京,3,5,ヒルノレーダン,サートゥルナーリア,-361.0,78.0,-800.0,,418.0,-123.0,,,-788.0,11.0
中京,3,6,アイルシャンス,レッドベルジュール,104.0,100.0,207.0,,241.0,-17.0,,,635.0,10.0
中京,3,7,ヴィクトリアランド,スワーヴリチャード,182.0,145.0,-1019.0,-1873.0,-3067.0,-291.0,,,-5923.0,14.0
中京,3,8,ジーティーハート,キタサンブラック,-153.0,937.0,-309.0,-564.0,972.0,-412.0,1941.0,,2412.0,8.0
中京,3,9,ウインシャーガス,キズナ,660.0,1802.0,4251.0,2547.0,-331.0,1572.0,54.0,,10555.0,1.0
中京,3,10,ダノンプリマ,ダノンレジェンド,119.0,229.0,-709.0,1849.0,2562.0,849.0,,,4899.0,7.0
中京,3,11,スマートミストラル,エピファネイア,24.0,-1602.0,-2937.0,-3588.0,-3687.0,-419.0,-3695.0,,-15904.0,16.0
中京,3,12,ケリフレッドアスク,ドゥラメンテ,-537.0,-806.0,-829.0,-753.0,-2927.0,-1880.0,,,-7732.0,15.0
中京,3,13,サーリアル,ブリックスアンドモルタル,774.0,-621.0,1704.0,1564.0,66.0,1767.0,391.0,,5645.0,5.0
中京,3,14,コンドゥイア,フォーウィールドライブ,360.0,1462.0,1902.0,,3796.0,2014.0,741.0,,10275.0,3.0
中京,3,15,エレガンスドパリ,ブリックスアンドモルタル,774.0,-621.0,1704.0,1564.0,66.0,1767.0,,,5254.0,6.0
中京,3,16,エムティヒララ,レイデオロ,-95.0,44.0,-1614.0,-4861.0,251.0,1616.0,,,-4659.0,13.0
中京,4,1,オドラニャソンソン,ディープブリランテ,-117.0,-763.0,-1367.0,-95.0,-695.0,-958.0,,,-3995.0,7.0
中京,4,2,メイショウソウセキ,マジェスティックウォリアー,22.0,-2275.0,1907.0,1616.0,1357.0,-34.0,,,2593.0,1.0
中京,4,3,ポジティビティ,モーニン,-734.0,-1368.0,-2772.0,-2999.0,-858.0,-1940.0,-967.0,,-11638.0,13.0
中京,4,4,ルグランシャリオ,フサイチセブン,,,,,,,,,,
中京,4,5,ディープオーシャン,アジアエクスプレス,-276.0,-621.0,586.0,-534.0,360.0,-392.0,-656.0,,-1533.0,4.0
中京,4,6,メアリーバローズ,ロジャーバローズ,1387.0,-1748.0,-499.0,-527.0,-1282.0,1667.0,,,-1002.0,3.0
中京,4,7,リリーライナー,アジアエクスプレス,-276.0,-621.0,586.0,-534.0,360.0,-392.0,,,-877.0,2.0
中京,4,8,カミノレアル,エピファネイア,24.0,-1602.0,-3367.0,-3588.0,-1809.0,-419.0,-1724.0,,-12485.0,14.0
中京,4,9,サトノフォーミュラ,サトノダイヤモンド,-582.0,2121.0,-41.0,-1057.0,-472.0,-456.0,-1786.0,,-2273.0,5.0
中京,4,10,ディープカインズ,ノーブルミッション,-497.0,-1955.0,-1824.0,,-1418.0,-1350.0,,,-7044.0,10.0
中京,4,11,マイネルメドリング,マインドユアビスケッツ,-1312.0,-272.0,-2646.0,-2569.0,-1831.0,785.0,-540.0,,-8385.0,12.0
中京,4,12,スギノペガサス,バゴ,494.0,-2134.0,-150.0,-1956.0,-993.0,-832.0,-1176.0,,-6747.0,9.0
中京,4,13,キタノチェンジ,ベストウォーリア,131.0,-1001.0,-175.0,-875.0,-916.0,-101.0,,,-2937.0,6.0
中京,4,14,ゴットランド,リオンディーズ,-533.0,-1814.0,-460.0,-2627.0,78.0,-2040.0,,,-7396.0,11.0
中京,4,15,タマモハヤブサ,アニマルキングダム,-438.0,-1465.0,-736.0,-478.0,33.0,-1484.0,,,-4568.0,8.0
中京,5,1,ウインクレドール,モーリス,-1439.0,-5.0,-847.0,-400.0,-333.0,-1372.0,154.0,,-4242.0,10.0
中京,5,2,マドモアゼルアスク,エピファネイア,24.0,-1602.0,-2937.0,-3588.0,-1809.0,-419.0,-1724.0,,-12055.0,18.0
中京,5,3,コスモトロイメル,ダノンバラード,-209.0,-59.0,1958.0,-197.0,754.0,1947.0,499.0,,4693.0,2.0
中京,5,4,ロックエンジェル,エピファネイア,24.0,-1602.0,-2937.0,-3588.0,-1809.0,-419.0,,,-10331.0,17.0
中京,5,5,アラベスク,サトノアラジン,432.0,-993.0,-1033.0,-998.0,-1250.0,-1300.0,275.0,,-4867.0,11.0
中京,5,6,ミコノオンガエシ,ゴールドシップ,26.0,396.0,580.0,662.0,1279.0,-1463.0,,,1480.0,6.0
中京,5,7,サイモンイロハニー,ゴールドシップ,26.0,396.0,580.0,662.0,1279.0,-1463.0,-781.0,,699.0,8.0
中京,5,8,カーリンハート,ドゥラメンテ,-537.0,-806.0,-829.0,-753.0,-1137.0,-1880.0,-451.0,,-6393.0,13.0
中京,5,9,セルマン,キズナ,660.0,1802.0,4251.0,2547.0,3921.0,1572.0,,,14753.0,1.0
中京,5,10,シャインチャプチャ,サトノクラウン,-570.0,-3346.0,-1605.0,-1737.0,-2706.0,-36.0,,,-10000.0,16.0
中京,5,11,プレミアシップ,ゴールドシップ,26.0,396.0,580.0,662.0,1279.0,-1463.0,,,1480.0,6.0
中京,5,12,エリーナストーム,サトノアラジン,432.0,-993.0,-1033.0,-998.0,-1250.0,-1300.0,-911.0,,-6053.0,12.0
中京,5,13,ナムラパール,フィエールマン,55.0,1356.0,869.0,,812.0,1015.0,55.0,,4162.0,4.0
中京,5,14,エキサイトバイオ,レイデオロ,-95.0,44.0,-1614.0,-4861.0,-1787.0,1616.0,,,-6697.0,14.0
中京,5,15,ヒシカリナン,サトノダイヤモンド,-582.0,2121.0,-1096.0,-1057.0,-472.0,-456.0,-1786.0,,-3328.0,9.0
中京,5,16,サイモンノーブル,ハービンジャー,-718.0,-337.0,423.0,-34.0,-1113.0,-2367.0,-2656.0,,-6802.0,15.0
中京,5,17,ウインポセイドン,ゴールドシップ,26.0,396.0,580.0,662.0,1279.0,-1463.0,325.0,,1805.0,5.0
中京,5,18,クァタルティ,ダノンバラード,-209.0,-59.0,1958.0,-197.0,754.0,1947.0,,,4194.0,3.0
中京,6,1,ブルックリンダンス,ルヴァンスレーヴ,-691.0,-315.0,891.0,,1137.0,-1038.0,,,-16.0,7.0
中京,6,2,オリーブグリーン,ヘニーヒューズ,55.0,51.0,1991.0,551.0,1535.0,758.0,,,4941.0,4.0
中京,6,3,マタミカンサン,ゴールドドリーム,-236.0,88.0,-384.0,,1008.0,-1051.0,28.0,,-547.0,10.0
中京,6,4,ドゥラリス,ドゥラメンテ,-537.0,-1786.0,-2151.0,-753.0,-1137.0,-1880.0,,,-8244.0,13.0
中京,6,5,メイショウハチロー,シニスターミニスター,667.0,2599.0,9037.0,4395.0,5738.0,1262.0,,,23698.0,1.0
中京,6,6,リープアップ,ニューイヤーズデイ,930.0,70.0,-123.0,-171.0,119.0,1166.0,,,1991.0,6.0
中京,6,7,チュウワクリスエス,ルヴァンスレーヴ,-691.0,-315.0,891.0,,1137.0,-1038.0,,,-16.0,7.0
中京,6,8,ソロモン,ミッキーアイル,83.0,851.0,-837.0,-612.0,47.0,51.0,-77.0,,-494.0,9.0
中京,6,9,タイヨウフレア,ドレフォン,747.0,2702.0,5543.0,2608.0,2178.0,1854.0,,,15632.0,2.0
中京,6,10,ニヒトツーゼーア,リオンディーズ,-533.0,236.0,-460.0,-2627.0,78.0,-2040.0,481.0,,-4865.0,12.0
中京,6,11,コズミックダンサー,アドマイヤマーズ,-159.0,400.0,1511.0,,328.0,-174.0,185.0,,2091.0,5.0
中京,6,12,ランツフート,ブリックスアンドモルタル,774.0,2059.0,-981.0,1564.0,1306.0,1767.0,391.0,,6880.0,3.0
中京,6,13,エンマ,バゴ,494.0,631.0,-150.0,-1956.0,-993.0,-832.0,,,-2806.0,11.0
中京,7,1,カフェブルーム,ドレフォン,747.0,2702.0,5543.0,1870.0,2133.0,1854.0,1886.0,,16735.0,1.0
中京,7,2,シュニー,マインドユアビスケッツ,-1312.0,-2667.0,-2646.0,,389.0,785.0,-540.0,,-5991.0,13.0
中京,7,3,ペイシャアンジェロ,ストロングリターン,-139.0,-499.0,-189.0,249.0,224.0,-497.0,184.0,,-667.0,8.0
中京,7,4,ウエヲムイテゴラン,Justify,53.0,-539.0,-533.0,-75.0,-423.0,-220.0,,,-1737.0,11.0
中京,7,5,シュヴァルツリーベ,ドレフォン,747.0,2702.0,5543.0,1870.0,2133.0,1854.0,,,14849.0,2.0
中京,7,6,アートフォーム,シュヴァルグラン,-662.0,-352.0,-1655.0,,-955.0,-142.0,,,-3766.0,12.0
中京,7,7,ラジエル,ミッキーアイル,83.0,851.0,-837.0,130.0,830.0,51.0,1761.0,,2869.0,5.0
中京,7,8,チアフルヴォイス,タリスマニック,694.0,-237.0,325.0,295.0,667.0,356.0,70.0,,2170.0,6.0
中京,7,9,カフェノワール,ドゥラメンテ,-537.0,-1786.0,-2151.0,-3854.0,-2927.0,-1880.0,,,-13135.0,15.0
中京,7,10,フイノマジワリ,ジャスタウェイ,181.0,374.0,1037.0,1315.0,691.0,-156.0,978.0,,4420.0,4.0
中京,7,11,レジーナローズ,リオンディーズ,-533.0,236.0,-460.0,-990.0,-1631.0,-2040.0,-2297.0,,-7715.0,14.0
中京,7,12,ローゼンモンターク,サトノダイヤモンド,-582.0,-1161.0,-41.0,0.0,414.0,-456.0,2069.0,,243.0,7.0
中京,7,13,ニホンピロデルマー,ブラックタイド,460.0,-1155.0,1243.0,-540.0,-856.0,-562.0,,,-1410.0,10.0
中京,7,14,シンボリノエル,ドレフォン,747.0,2702.0,5543.0,1332.0,2133.0,1854.0,,,14311.0,3.0
中京,7,15,モンシェリ,マクフィ,-354.0,26.0,-385.0,424.0,-513.0,-265.0,,,-1067.0,9.0
中京,8,1,モルトヴェローチェ,モーリス,-1439.0,-2146.0,-847.0,-1874.0,-333.0,-1372.0,154.0,,-7857.0,16.0
中京,8,2,シーズオブホープ,リアルスティール,530.0,756.0,1953.0,,1180.0,2787.0,1095.0,,8301.0,3.0
中京,8,3,アラナコア,ブリックスアンドモルタル,774.0,2059.0,1704.0,,1306.0,1767.0,-1593.0,,6017.0,4.0
中京,8,4,サンセットビュー,ドゥラメンテ,-537.0,-1786.0,-829.0,-337.0,-1137.0,-1880.0,-1099.0,,-7605.0,14.0
中京,8,5,ピースヒロフェイス,サトノダイヤモンド,-582.0,-1161.0,-1096.0,0.0,-472.0,-456.0,-1786.0,,-5553.0,13.0
中京,8,6,マイネルシーマー,ゴールドシップ,26.0,-733.0,580.0,-2596.0,1279.0,-1463.0,325.0,,-2582.0,9.0
中京,8,7,チビノシエラザード,ブリックスアンドモルタル,774.0,2059.0,1704.0,,1306.0,1767.0,-1593.0,,6017.0,4.0
中京,8,8,ミッドナイトホーク,リアルスティール,530.0,756.0,1953.0,-2525.0,1180.0,2787.0,1095.0,,5776.0,7.0
中京,8,9,ファミリータイム,リアルスティール,530.0,756.0,1953.0,-2525.0,1180.0,2787.0,1095.0,,5776.0,7.0
中京,8,10,デアパーディタ,リオンディーズ,-533.0,236.0,-714.0,612.0,78.0,-2040.0,-2297.0,,-4658.0,12.0
中京,8,11,ディーガレジェンド,モーリス,-1439.0,-2146.0,-847.0,-1706.0,-333.0,-1372.0,,,-7843.0,15.0
中京,8,12,クリフハンガー,ルーラーシップ,-213.0,-1893.0,345.0,-379.0,-1950.0,92.0,,,-3998.0,11.0
中京,8,13,カラーオブジアース,キズナ,660.0,2350.0,4251.0,630.0,3921.0,1572.0,54.0,,13438.0,1.0
中京,8,14,ダノンクロム,ハーツクライ,-153.0,-1690.0,-3424.0,-1673.0,-2270.0,-1155.0,,,-10365.0,17.0
中京,8,15,ジャスティンライズ,キズナ,660.0,2350.0,4251.0,630.0,3921.0,1572.0,,,13384.0,2.0
中京,8,16,スピンザブラッド,ブリックスアンドモルタル,774.0,2059.0,1704.0,,1306.0,1767.0,-1593.0,,6017.0,4.0
中京,8,17,チャイボーグ,シャンハイボビー,-962.0,-819.0,-710.0,0.0,-766.0,-1490.0,2106.0,,-2641.0,10.0
中京,8,18,ガルムキャット,ハーツクライ,-153.0,-1690.0,-3424.0,-1673.0,-2270.0,-1155.0,-2362.0,,-12727.0,18.0
中京,9,1,テーオースパロー,ルーラーシップ,-213.0,-1893.0,-317.0,-1091.0,2649.0,92.0,,,-773.0,13.0
中京,9,2,ゼンノツキヨミ,ロードカナロア,383.0,-682.0,-288.0,1127.0,1653.0,814.0,-1432.0,,1575.0,9.0
中京,9,3,ヤマニンアルリフラ,イスラボニータ,-80.0,35.0,-2141.0,-480.0,3209.0,1435.0,,,1978.0,8.0
中京,9,4,パドマ,ドレフォン,747.0,2702.0,5543.0,1332.0,2133.0,1854.0,,,14311.0,2.0
中京,9,5,パレフォーコン,ストロングリターン,-139.0,-499.0,-189.0,249.0,224.0,-497.0,226.0,,-625.0,12.0
中京,9,6,タイキエクセロン,アメリカンペイトリオット,114.0,2.0,-1007.0,-403.0,-87.0,-1232.0,-939.0,,-3552.0,15.0
中京,9,7,ヒルノピレネー,ジャスタウェイ,181.0,374.0,1037.0,552.0,691.0,-156.0,978.0,,3657.0,5.0
中京,9,8,ダミエ,キンシャサノキセキ,-461.0,-1865.0,-67.0,-304.0,-1136.0,-493.0,-76.0,,-4402.0,16.0
中京,9,9,セントラルヴァレー,Kantharos,136.0,467.0,958.0,315.0,1002.0,1012.0,162.0,,4052.0,4.0
中京,9,10,ニコラウス,リアルスティール,530.0,756.0,3041.0,-2525.0,3839.0,2787.0,1095.0,,9523.0,3.0
中京,9,11,オコタンペ,ニューイヤーズデイ,930.0,70.0,-123.0,,244.0,1166.0,,,2287.0,7.0
中京,9,12,オースミメッシーナ,シニスターミニスター,667.0,2599.0,9037.0,126.0,2774.0,1262.0,3324.0,,19789.0,1.0
中京,9,13,サミアド,シャンハイボビー,-962.0,-819.0,264.0,-324.0,145.0,-1490.0,2106.0,,-1080.0,14.0
中京,9,14,ゴイゴイスー,ホッコータルマエ,452.0,-598.0,965.0,-2418.0,767.0,1755.0,,,923.0,10.0
中京,9,15,フレイミングパイ,リアルインパクト,-53.0,-174.0,-301.0,-586.0,533.0,181.0,,,-400.0,11.0
中京,9,16,キングクー,ロードカナロア,383.0,-682.0,-288.0,1234.0,1653.0,814.0,,,3114.0,6.0
中京,10,1,ショウナンガチ,ドゥラメンテ,-537.0,-1786.0,-829.0,-337.0,-1137.0,-1880.0,-1099.0,,-7605.0,11.0
中京,10,2,ロードマンハイム,ロードカナロア,383.0,-682.0,-1519.0,1234.0,-3277.0,814.0,-1432.0,,-4479.0,10.0
中京,10,3,イトカワサクラ,ゴールドシップ,26.0,-733.0,580.0,-2596.0,1279.0,-1463.0,325.0,,-2582.0,9.0
中京,10,4,モズマーヴェリック,リアルスティール,530.0,756.0,1953.0,-2525.0,1180.0,2787.0,,,4681.0,4.0
中京,10,5,ヴィレム,キズナ,660.0,2350.0,4251.0,630.0,3921.0,1572.0,5483.0,,18867.0,1.0
中京,10,6,バンフィエルド,オルフェーヴル,235.0,1292.0,1764.0,441.0,1044.0,273.0,402.0,,5451.0,3.0
中京,10,7,プリズマジコ,キズナ,660.0,2350.0,4251.0,630.0,3921.0,1572.0,,,13384.0,2.0
中京,10,8,ピクシレーション,ハーツクライ,-153.0,-1690.0,-3424.0,-1673.0,-2270.0,-1155.0,,,-10365.0,13.0
中京,10,9,グランドゴールド,ジャスタウェイ,181.0,374.0,-261.0,552.0,-334.0,-156.0,,,356.0,6.0
中京,10,10,デルマグレムリン,ディーマジェスティ,-79.0,925.0,-344.0,-456.0,150.0,367.0,-546.0,,17.0,7.0
中京,10,11,タケトンボ,エイシンフラッシュ,-146.0,-1895.0,-2598.0,-927.0,-936.0,-1831.0,,,-8333.0,12.0
中京,10,12,オメガインペリアル,Kingman,-115.0,-500.0,-445.0,-236.0,-100.0,-324.0,,,-1720.0,8.0
中京,10,13,ライフセービング,ビーチパトロール,860.0,561.0,-68.0,78.0,669.0,512.0,,,2612.0,5.0
中京,11,1,グラスシフォン,シニスターミニスター,667.0,2599.0,9037.0,126.0,2774.0,1262.0,,,16465.0,3.0
中京,11,2,エメラルドビーチ,Gleneagles,,,,,,,,,,
中京,11,3,モナルヒ,ヘニーハウンド,,,,,,,,,,
中京,11,4,パーティーベル,ハービンジャー,-718.0,-1020.0,-1415.0,-1249.0,397.0,-2367.0,,,-6372.0,13.0
中京,11,5,ナイトアクアリウム,ロードカナロア,383.0,-682.0,-288.0,1234.0,1653.0,814.0,4167.0,,7281.0,5.0
中京,11,6,ドゥータップ,Twirling Candy,78.0,219.0,334.0,,366.0,269.0,-33.0,,1233.0,8.0
中京,11,7,ストレングス,シニスターミニスター,667.0,2599.0,9037.0,1599.0,2774.0,1262.0,,,17938.0,2.0
中京,11,8,スマートアンバー,シニスターミニスター,667.0,2599.0,9037.0,126.0,2774.0,1262.0,1722.0,,18187.0,1.0
中京,11,9,ローズバルサム,ブラックタイド,460.0,-1155.0,1243.0,206.0,-856.0,-562.0,,,-664.0,10.0
中京,11,10,ジャーヴィス,ビーチパトロール,860.0,561.0,-441.0,,-735.0,512.0,,,757.0,9.0
中京,11,11,マルカラピッド,マインドユアビスケッツ,-1312.0,-2667.0,-2646.0,,389.0,785.0,-540.0,,-5991.0,11.0
中京,11,12,キャプテンネキ,ダイワメジャー,-364.0,-940.0,-1906.0,-555.0,-1303.0,-961.0,,,-6029.0,12.0
中京,11,13,ロレンツォ,ロードカナロア,383.0,-682.0,-288.0,1234.0,1653.0,814.0,-1432.0,,1682.0,7.0
中京,11,14,リジル,ダノンレジェンド,119.0,1705.0,4811.0,1143.0,2562.0,849.0,,,11189.0,4.0
中京,11,15,アイファースキャン,アイファーソング,545.0,990.0,931.0,1384.0,-80.0,867.0,,,4637.0,6.0
中京,11,16,ヘルモーズ,モーリス,-1439.0,-2146.0,-2250.0,-1706.0,-2142.0,-1372.0,,,-11055.0,14.0
中京,12,1,ショウナンダール,ドゥラメンテ,-537.0,-1786.0,-829.0,-3854.0,-2927.0,-1880.0,,,-11813.0,16.0
中京,12,2,アウクソー,サトノアラジン,432.0,113.0,-1033.0,-1209.0,-314.0,-1300.0,275.0,,-3036.0,12.0
中京,12,3,ジョウゲンノツキ,イスラボニータ,-80.0,35.0,4154.0,-480.0,3209.0,1435.0,,,8273.0,3.0
中京,12,4,ビーグラッド,エピファネイア,24.0,-6025.0,-2937.0,-1991.0,-3687.0,-419.0,-3695.0,,-18730.0,17.0
中京,12,5,サリュエ,ファインニードル,-114.0,468.0,733.0,1523.0,353.0,665.0,,,3628.0,8.0
中京,12,6,エフォートレス,エピファネイア,24.0,-6025.0,-2937.0,-1991.0,-3687.0,-419.0,-3695.0,,-18730.0,17.0
中京,12,7,モリノレッドスター,デクラレーションオブウォー,-555.0,-336.0,716.0,-2095.0,1127.0,-149.0,-878.0,,-2170.0,10.0
中京,12,8,クリーンエア,リアルインパクト,-53.0,-174.0,151.0,-586.0,533.0,181.0,1346.0,,1398.0,9.0
中京,12,9,エールトゥヘヴン,ロードカナロア,383.0,-682.0,-1519.0,1234.0,1653.0,814.0,4167.0,,6050.0,5.0
中京,12,10,サウンドレイラ,イスラボニータ,-80.0,35.0,4154.0,1156.0,3209.0,1435.0,,,9909.0,2.0
中京,12,11,ライズタイガ,グレーターロンドン,282.0,1393.0,2228.0,605.0,1829.0,677.0,,,7014.0,4.0
中京,12,12,ダイシンビヨンド,キズナ,660.0,2350.0,4251.0,1712.0,-331.0,1572.0,54.0,,10268.0,1.0
中京,12,13,レッドロスタム,ロードカナロア,383.0,-682.0,-1519.0,1234.0,1653.0,814.0,4167.0,,6050.0,5.0
中京,12,14,ナムラエデン,ミッキーアイル,83.0,851.0,1956.0,1327.0,830.0,51.0,-77.0,,5021.0,7.0
中京,12,15,ソルトクィーン,シルバーステート,601.0,-1068.0,1981.0,-1130.0,-1355.0,-1360.0,,,-2331.0,11.0
中京,12,16,ローブドゥマリエ,リオンディーズ,-533.0,236.0,-714.0,-990.0,-1631.0,-2040.0,-2297.0,,-7969.0,15.0
中京,12,17,インペリアルコート,ダイワメジャー,-364.0,-940.0,-636.0,-1508.0,-1303.0,-961.0,,,-5712.0,14.0
中京,12,18,ウィズダムハート,サトノアラジン,432.0,113.0,-1033.0,-1209.0,-314.0,-1300.0,-911.0,,-4222.0,13.0
阪神,1,1,ライラックデューン,コパノリッキー,186.0,-342.0,-2742.0,-1865.0,97.0,-1172.0,,,-5838.0,9.0
阪神,1,2,フランコジャポネ,ドゥラメンテ,-281.0,-806.0,-2151.0,-753.0,-1137.0,-809.0,-451.0,,-6388.0,11.0
阪神,1,3,ホワイトジーン,コパノリッキー,186.0,-342.0,-2742.0,-1865.0,97.0,-1172.0,-126.0,,-5964.0,10.0
阪神,1,4,シュドゥン,ルヴァンスレーヴ,,-957.0,891.0,,1137.0,3608.0,,,4679.0,2.0
阪神,1,5,ペイシャキセキ,オーヴァルエース,,-829.0,-70.0,,,13.0,-166.0,,-1052.0,7.0
阪神,1,6,ノンスタンダルド,ナダル,,-285.0,1035.0,,443.0,55.0,,,1248.0,4.0
阪神,1,7,ハイラブソング,ホッコータルマエ,-148.0,954.0,965.0,1566.0,40.0,-768.0,125.0,,2734.0,3.0
阪神,1,8,マキシマムビスタ,ヘニーヒューズ,-69.0,1232.0,1991.0,551.0,1535.0,990.0,,,6230.0,1.0
阪神,1,9,ルージュパラディ,ブリックスアンドモルタル,114.0,-621.0,-981.0,1564.0,1306.0,-1051.0,,,331.0,5.0
阪神,1,10,エスタトゥイル,エピファネイア,-473.0,-1602.0,-3367.0,-3588.0,-1809.0,-5692.0,,,-16531.0,12.0
阪神,1,11,タマモジャスミン,タワーオブロンドン,,494.0,-614.0,,246.0,-157.0,,,-31.0,6.0
阪神,1,12,ハッピールンナ,ホークビル,-236.0,540.0,-2825.0,232.0,401.0,-1154.0,681.0,,-2361.0,8.0
阪神,2,1,マサウッドテール,ファインニードル,-68.0,-395.0,-592.0,-58.0,353.0,-5.0,,,-765.0,10.0
阪神,2,2,スマイルプラス,ミスターメロディ,,-228.0,-1856.0,,-167.0,-473.0,195.0,,-2529.0,12.0
阪神,2,3,アンピュルシオン,サトノダイヤモンド,-393.0,2121.0,-41.0,-1057.0,414.0,-854.0,,,190.0,7.0
阪神,2,4,ブライティアブーケ,カレンブラックヒル,266.0,322.0,1569.0,-1096.0,1022.0,419.0,,,2502.0,5.0
阪神,2,5,ゲッティヴィラ,Frosted,30.0,5.0,25.0,-50.0,583.0,31.0,,,624.0,6.0
阪神,2,6,ペプチドクレマチス,コパノリッキー,186.0,-342.0,-2742.0,-1865.0,-2463.0,-1172.0,,,-8398.0,15.0
阪神,2,7,タイムイズマネー,シニスターミニスター,1131.0,3492.0,9037.0,4395.0,2774.0,8102.0,,,28931.0,1.0
阪神,2,8,ハルサメ,カリフォルニアクローム,-13.0,1874.0,1310.0,1253.0,1311.0,1358.0,1945.0,,9038.0,2.0
阪神,2,9,ナムラエミー,タワーオブロンドン,,494.0,-614.0,,197.0,-157.0,-414.0,,-494.0,9.0
阪神,2,10,ヴィヴァシャス,モズアスコット,,616.0,1002.0,,906.0,1376.0,,,3900.0,4.0
阪神,2,11,メイショウゴールド,カリフォルニアクローム,-13.0,1874.0,1310.0,1253.0,1311.0,1358.0,1945.0,,9038.0,2.0
阪神,2,12,キュードス,ミスターメロディ,,-228.0,-1856.0,,-167.0,-473.0,,,-2724.0,13.0
阪神,2,13,セガンティーニ,ビッグアーサー,-546.0,-2689.0,-2995.0,-2474.0,-2015.0,-1572.0,-792.0,,-13083.0,16.0
阪神,2,14,キャットデイ,Mitole,,-119.0,-261.0,-414.0,-250.0,-540.0,-249.0,,-1833.0,11.0
阪神,2,15,ミクニキャッチー,アメリカンペイトリオット,51.0,-181.0,-1007.0,-452.0,-87.0,1481.0,,,-195.0,8.0
阪神,2,16,エコセーズ,ミスターメロディ,,-228.0,-1856.0,,-167.0,-473.0,,,-2724.0,13.0
阪神,3,1,アートレスマインド,マインドユアビスケッツ,-278.0,-272.0,-2646.0,-2569.0,-1831.0,-2241.0,,,-9837.0,12.0
阪神,3,2,フェスティーヴォ,エイシンフラッシュ,-188.0,-643.0,-1122.0,-937.0,-936.0,-1906.0,-942.0,,-6674.0,11.0
阪神,3,3,ユキノクラウン,カリフォルニアクローム,-13.0,1874.0,1310.0,1253.0,55.0,1358.0,,,5837.0,2.0
阪神,3,4,コイスルシャチョウ,アニマルキングダム,1083.0,-1465.0,-736.0,-478.0,33.0,106.0,,,-1457.0,7.0
阪神,3,5,スターペスショウマ,リアルスティール,253.0,3353.0,3041.0,4033.0,1180.0,1961.0,,,13821.0,1.0
阪神,3,6,ルシタニア,レイデオロ,-1.0,44.0,-284.0,-4861.0,-1787.0,-3153.0,,,-10042.0,13.0
阪神,3,7,ベルエアキング,ルヴァンスレーヴ,,-957.0,891.0,,1137.0,3608.0,-611.0,,4068.0,4.0
阪神,3,8,サラサハウナイス,マクフィ,40.0,-286.0,-385.0,-999.0,330.0,-47.0,-514.0,,-1861.0,8.0
阪神,3,9,チャチャピンク,リオンディーズ,116.0,-1814.0,-460.0,-2627.0,78.0,1038.0,,,-3669.0,9.0
阪神,3,10,トーアグッドラック,コパノリッキー,186.0,-342.0,-2742.0,-1865.0,97.0,-1172.0,,,-5838.0,10.0
阪神,3,11,サンライズフーガ,ルーラーシップ,356.0,1741.0,-317.0,645.0,-1950.0,-4.0,1680.0,,2151.0,5.0
阪神,3,12,ミヤビノオウザ,サングレーザー,,-104.0,-83.0,,281.0,250.0,,,344.0,6.0
阪神,3,13,ボールドハーテッド,マジェスティックウォリアー,734.0,-2275.0,1907.0,1616.0,1357.0,2076.0,306.0,,5721.0,3.0
阪神,4,1,ルクスコロン,モーリス,-298.0,-5.0,-847.0,-400.0,-2142.0,-1652.0,,,-5344.0,11.0
阪神,4,2,サウンドルーチェ,ミッキーアイル,-104.0,682.0,1956.0,-612.0,830.0,1117.0,-77.0,,3792.0,5.0
阪神,4,3,レインオンミー,リアルスティール,253.0,3353.0,1953.0,4033.0,3839.0,1961.0,1095.0,,16487.0,1.0
阪神,4,4,アトラーレ,リアルスティール,253.0,3353.0,1953.0,4033.0,3839.0,1961.0,1095.0,,16487.0,1.0
阪神,4,5,ウィズマスタング,レイデオロ,-1.0,44.0,-1614.0,-4861.0,251.0,-3153.0,10.0,,-9324.0,15.0
阪神,4,6,シャイフ,ミッキーアイル,-104.0,682.0,1956.0,-612.0,830.0,1117.0,,,3869.0,4.0
阪神,4,7,クリノボタンチャン,ミッキーアイル,-104.0,682.0,1956.0,-612.0,830.0,1117.0,-77.0,,3792.0,5.0
阪神,4,8,タイセイディアマン,カレンブラックヒル,266.0,322.0,-393.0,-1096.0,1022.0,419.0,,,540.0,9.0
阪神,4,9,アーバリアンジム,エピファネイア,-473.0,-1602.0,-2937.0,-3588.0,-3687.0,-5692.0,-3695.0,,-21674.0,17.0
阪神,4,10,アークシャルダーム,ブリックスアンドモルタル,114.0,-621.0,1704.0,1564.0,66.0,-1051.0,391.0,,2167.0,7.0
阪神,4,11,デアリングエア,エピファネイア,-473.0,-1602.0,-2937.0,-3588.0,-3687.0,-5692.0,-3695.0,,-21674.0,17.0
阪神,4,12,キムケンフォトン,レイデオロ,-1.0,44.0,-1614.0,-4861.0,251.0,-3153.0,-1258.0,,-10592.0,16.0
阪神,4,13,メイショウセツゲツ,ロジャーバローズ,-156.0,-1748.0,-476.0,-527.0,601.0,-2735.0,-548.0,,-5589.0,12.0
阪神,4,14,スマートサターン,オルフェーヴル,-149.0,930.0,1764.0,1034.0,147.0,1152.0,2285.0,,7163.0,3.0
阪神,4,15,フェアリーグレン,ロードカナロア,-316.0,-606.0,-1519.0,-1124.0,1653.0,-3552.0,4167.0,,-1297.0,10.0
阪神,4,16,セクシーマージュ,タワーオブロンドン,,494.0,796.0,,197.0,-157.0,-414.0,,916.0,8.0
阪神,4,17,フィリグラン,ダイワメジャー,-944.0,-1218.0,-636.0,-775.0,-1303.0,-1639.0,,,-6515.0,13.0
阪神,4,18,ワイドクリーガー,サトノクラウン,88.0,-3346.0,-1605.0,-1737.0,-221.0,-1479.0,193.0,,-8107.0,14.0
阪神,5,1,プティミニョン,モーリス,-298.0,-5.0,-847.0,-400.0,-333.0,-1652.0,154.0,,-3381.0,9.0
阪神,5,2,ロードアルディート,ドゥラメンテ,-281.0,-806.0,-829.0,-753.0,-1137.0,-809.0,-1099.0,,-5714.0,12.0
阪神,5,3,ロードレジェロ,フィエールマン,,1356.0,869.0,,812.0,140.0,-349.0,,2828.0,3.0
阪神,5,4,マテンロウシルビア,ルーラーシップ,356.0,1741.0,345.0,645.0,-1950.0,-4.0,,,1133.0,5.0
阪神,5,5,アースリング,Kingman,-30.0,-96.0,-445.0,-369.0,-100.0,-282.0,,,-1322.0,7.0
阪神,5,6,アメージングハナビ,ドゥラメンテ,-281.0,-806.0,-829.0,-753.0,-1137.0,-809.0,-1099.0,,-5714.0,12.0
阪神,5,7,ヴェルニッツ,ロードカナロア,-316.0,-606.0,-1519.0,-1124.0,-3277.0,-3552.0,,,-10394.0,14.0
阪神,5,8,エンブレイスメント,サトノクラウン,88.0,-3346.0,-1605.0,-1737.0,-2706.0,-1479.0,,,-10785.0,15.0
阪神,5,9,レッドイステル,エピファネイア,-473.0,-1602.0,-2937.0,-3588.0,-1809.0,-5692.0,,,-16101.0,17.0
阪神,5,10,シェーネアウゲン,サートゥルナーリア,,78.0,-800.0,,-851.0,-390.0,,,-1963.0,8.0
阪神,5,11,ダンタリオン,リオンディーズ,116.0,-1814.0,-714.0,-2627.0,78.0,1038.0,,,-3923.0,11.0
阪神,5,12,メイショウビストロ,カリフォルニアクローム,-13.0,1874.0,-569.0,1253.0,55.0,1358.0,1945.0,,5903.0,2.0
阪神,5,13,レッドフェルメール,エピファネイア,-473.0,-1602.0,-2937.0,-3588.0,-1809.0,-5692.0,,,-16101.0,17.0
阪神,5,14,ダノンジャガー,キズナ,1177.0,1802.0,4251.0,2547.0,3921.0,3253.0,,,16951.0,1.0
阪神,5,15,ニシノイツキムスメ,レイデオロ,-1.0,44.0,-1614.0,-4861.0,-1787.0,-3153.0,10.0,,-11362.0,16.0
阪神,5,16,パスコード,ブリックスアンドモルタル,114.0,-621.0,1704.0,1564.0,1306.0,-1051.0,-1593.0,,1423.0,4.0
阪神,5,17,アルハイルフォート,Frankel,-39.0,51.0,348.0,-65.0,308.0,-170.0,,,433.0,6.0
阪神,5,18,ヴィータレヴィス,モーリス,-298.0,-5.0,-847.0,-400.0,-333.0,-1652.0,154.0,,-3381.0,9.0
阪神,6,1,エンダードラゴン,リアルスティール,253.0,756.0,3041.0,4033.0,3839.0,1961.0,,,13883.0,3.0
阪神,6,2,モズタチアガレ,モズアスコット,,,1002.0,,906.0,1376.0,-44.0,,3240.0,8.0
阪神,6,3,サンナイアガラ,アメリカンペイトリオット,51.0,2.0,-1007.0,-452.0,-87.0,1481.0,-744.0,,-756.0,12.0
阪神,6,4,アートコレクション,パイロ,191.0,431.0,1911.0,1709.0,324.0,1506.0,,,6072.0,5.0
阪神,6,5,テルユアワールド,ルヴァンスレーヴ,,-315.0,891.0,,1262.0,3608.0,-611.0,,4835.0,7.0
阪神,6,6,トップオンザヒル,エピファネイア,-473.0,-6025.0,-3367.0,-3588.0,-3687.0,-5692.0,-3695.0,,-26527.0,16.0
阪神,6,7,ドンパッショーネ,Quality Road,0.0,284.0,122.0,-49.0,477.0,-133.0,129.0,,830.0,11.0
阪神,6,8,エナジーガンツ,モズアスコット,,,1002.0,,906.0,1376.0,-44.0,,3240.0,8.0
阪神,6,9,グランキングオー,シニスターミニスター,1131.0,2599.0,9037.0,4395.0,2774.0,8102.0,1722.0,,29760.0,1.0
阪神,6,10,ワンダーイロネ,カリフォルニアクローム,-13.0,619.0,1310.0,1253.0,1311.0,1358.0,-568.0,,5270.0,6.0
阪神,6,11,ゴールドダイアー,ゴールドドリーム,,88.0,-384.0,,-2512.0,108.0,28.0,,-2672.0,13.0
阪神,6,12,ショウナンアトレ,ショウナンバッハ,718.0,65.0,-6.0,-439.0,1039.0,629.0,-130.0,,1876.0,10.0
阪神,6,13,アルマグラース,スワーヴリチャード,20.0,264.0,-1297.0,-1873.0,-3067.0,-2064.0,,,-8017.0,14.0
阪神,6,14,タイセイレグノ,マジェスティックウォリアー,734.0,3281.0,1907.0,1616.0,83.0,2076.0,,,9697.0,4.0
阪神,6,15,ハリーケーン,モーニン,-227.0,-1115.0,-2772.0,-2999.0,-1992.0,-1088.0,-967.0,,-11160.0,15.0
阪神,6,16,アンズアメ,ドレフォン,270.0,2702.0,5543.0,2608.0,2133.0,2542.0,,,15798.0,2.0
阪神,7,1,リネアグローリア,モーニン,-227.0,-1115.0,-2772.0,,-1992.0,-1088.0,,,-7194.0,14.0
阪神,7,2,グリーズマン,モーリス,-298.0,-2146.0,-2250.0,-1706.0,-2142.0,-1652.0,,,-10194.0,16.0
阪神,7,3,メイショウマジック,ホッコータルマエ,-148.0,-598.0,965.0,-2418.0,767.0,-768.0,,,-2200.0,12.0
阪神,7,4,ディスタントスカイ,Uncle Mo,66.0,55.0,367.0,0.0,-45.0,236.0,95.0,,774.0,9.0
阪神,7,5,オリエンタルキング,アジアエクスプレス,-104.0,2820.0,586.0,2112.0,816.0,1529.0,178.0,,7937.0,3.0
阪神,7,6,オアシスドール,キタサンブラック,-45.0,837.0,787.0,1006.0,972.0,1214.0,1941.0,,6712.0,4.0
阪神,7,7,カネトシフラム,パイロ,191.0,431.0,1911.0,-519.0,324.0,1506.0,,,3844.0,5.0
阪神,7,8,スナークシュンソウ,エイシンヒカリ,154.0,-933.0,383.0,-991.0,1573.0,1825.0,,,2011.0,7.0
阪神,7,9,クアトロジャック,マジェスティックウォリアー,734.0,3281.0,1907.0,497.0,83.0,2076.0,,,8578.0,2.0
阪神,7,10,ドライグ,ダノンレジェンド,401.0,1705.0,4811.0,-101.0,2562.0,3179.0,,,12557.0,1.0
阪神,7,11,アレンテージョ,フェノーメノ,-2.0,237.0,256.0,-228.0,-263.0,-60.0,-70.0,,-130.0,10.0
阪神,7,12,ブーヤカ,マインドユアビスケッツ,-278.0,-2667.0,-2646.0,869.0,389.0,-2241.0,,,-6574.0,13.0
阪神,7,13,トウカイエルデ,オルフェーヴル,-149.0,1292.0,-224.0,363.0,147.0,1152.0,,,2581.0,6.0
阪神,7,14,モアリジット,ロードカナロア,-316.0,-682.0,-288.0,1127.0,1653.0,-3552.0,,,-2058.0,11.0
阪神,7,15,バレル,シルバーステート,-201.0,-1068.0,-4781.0,-7.0,-1355.0,-268.0,,,-7680.0,15.0
阪神,7,16,メティエダール,American Pharoah,-40.0,-230.0,507.0,379.0,660.0,234.0,,,1510.0,8.0
阪神,8,1,メイショウアツイタ,フェノーメノ,-2.0,-145.0,-42.0,-228.0,37.0,-60.0,320.0,,-120.0,7.0
阪神,8,2,ジューンベロシティ,ロードカナロア,-316.0,2748.0,438.0,1234.0,-47.0,-3552.0,4167.0,,4672.0,3.0
阪神,8,3,ネビーイーム,キズナ,1177.0,1952.0,1493.0,1712.0,3304.0,3253.0,54.0,,12945.0,1.0
阪神,8,4,マテンロウジョイ,ハービンジャー,254.0,694.0,504.0,-1249.0,172.0,2186.0,1381.0,,3942.0,6.0
阪神,8,5,ヴェイルネビュラ,ロードカナロア,-316.0,2748.0,438.0,1234.0,-47.0,-3552.0,4167.0,,4672.0,3.0
阪神,8,6,エコロデュエル,キタサンブラック,-45.0,-361.0,1405.0,2180.0,245.0,1214.0,1941.0,,6579.0,2.0
阪神,8,7,クラップサンダー,ジャスタウェイ,658.0,44.0,441.0,552.0,800.0,826.0,1279.0,,4600.0,5.0
阪神,8,8,グルーヴビート,ディープブリランテ,-29.0,256.0,-71.0,-1792.0,186.0,-603.0,-278.0,,-2331.0,8.0
阪神,9,1,サンライズグラシア,サートゥルナーリア,,-208.0,-800.0,,,-390.0,-572.0,,-1970.0,4.0
阪神,9,2,マイユニバース,レイデオロ,-1.0,-82.0,-1614.0,-4861.0,-433.0,-3153.0,-1258.0,,-11402.0,8.0
阪神,9,3,スリーキングス,エピファネイア,-473.0,-6025.0,-2937.0,-3588.0,-634.0,-5692.0,-1724.0,,-21073.0,9.0
阪神,9,4,パッションリッチ,ドゥラメンテ,-281.0,-1786.0,-829.0,-753.0,1044.0,-809.0,-451.0,,-3865.0,6.0
阪神,9,5,ヴェーヌドール,エピファネイア,-473.0,-6025.0,-2937.0,-3588.0,-634.0,-5692.0,-1724.0,,-21073.0,9.0
阪神,9,6,フォーキャンドルズ,エピファネイア,-473.0,-6025.0,-2937.0,-3588.0,-634.0,-5692.0,-1724.0,,-21073.0,9.0
阪神,9,7,コーチェラバレー,キズナ,1177.0,2350.0,4251.0,2547.0,3304.0,3253.0,5483.0,,22365.0,1.0
阪神,9,8,オーシンエス,デクラレーションオブウォー,-35.0,-336.0,716.0,460.0,-213.0,81.0,-878.0,,-205.0,3.0
阪神,9,9,ゲルチュタール,ブリックスアンドモルタル,114.0,2059.0,1704.0,1564.0,-277.0,-1051.0,-1593.0,,2520.0,2.0
阪神,9,10,サトノブリジャール,エピファネイア,-473.0,-6025.0,-2937.0,-3588.0,-634.0,-5692.0,-1724.0,,-21073.0,9.0
阪神,9,11,キングメーカー,スワーヴリチャード,20.0,264.0,-1019.0,-1873.0,181.0,-2064.0,-224.0,,-4715.0,7.0
阪神,9,12,ジーティーアメリカ,サートゥルナーリア,,-208.0,-800.0,,,-390.0,-572.0,,-1970.0,4.0
阪神,10,1,ラヴァンダ,シルバーステート,-201.0,-1068.0,1981.0,-1130.0,-864.0,-268.0,-837.0,,-2387.0,8.0
阪神,10,2,ナムラエイハブ,リアルスティール,253.0,756.0,1953.0,-2525.0,1180.0,1961.0,-941.0,,2637.0,4.0
阪神,10,3,マテンロウアレス,ダイワメジャー,-944.0,-940.0,-636.0,-1508.0,-872.0,-1639.0,-124.0,,-6663.0,12.0
阪神,10,4,ガイアメンテ,ドゥラメンテ,-281.0,-1786.0,-829.0,-337.0,-1137.0,-809.0,-1099.0,,-6278.0,11.0
阪神,10,5,コスモサガルマータ,ヴィクトワールピサ,-147.0,-99.0,-270.0,-188.0,-543.0,-1890.0,-262.0,,-3399.0,9.0
阪神,10,6,セブンサミット,モーリス,-298.0,-2146.0,-847.0,-1874.0,-333.0,-1652.0,,,-7150.0,13.0
阪神,10,7,サウンドウォリアー,マジェスティックウォリアー,734.0,3281.0,-268.0,-684.0,1357.0,2076.0,-764.0,,5732.0,2.0
阪神,10,8,バッデレイト,サトノダイヤモンド,-393.0,-1161.0,-1096.0,0.0,-472.0,-854.0,2069.0,,-1907.0,7.0
阪神,10,9,ニューステソーロ,エピファネイア,-473.0,-6025.0,-2937.0,-1991.0,-1809.0,-5692.0,,,-18927.0,15.0
阪神,10,10,スイープアワーズ,ディープインパクト,-205.0,-523.0,-238.0,-1023.0,-602.0,-723.0,-818.0,,-4132.0,10.0
阪神,10,11,サブマリーナ,スワーヴリチャード,20.0,264.0,-1019.0,,787.0,-2064.0,196.0,,-1816.0,6.0
阪神,10,12,ルシフェル,ハーツクライ,-773.0,-1690.0,-3424.0,219.0,-2270.0,-2972.0,235.0,,-10675.0,14.0
阪神,10,13,メイショウウネビ,メイショウサムソン,10.0,-198.0,40.0,-609.0,-85.0,-143.0,68.0,,-917.0,5.0
阪神,10,14,マラキナイア,ジャスタウェイ,658.0,374.0,-261.0,552.0,-334.0,826.0,1279.0,,3094.0,3.0
阪神,10,15,プッシュオン,キズナ,1177.0,2350.0,4251.0,1712.0,3921.0,3253.0,5483.0,,22147.0,1.0
阪神,11,1,モズミギカタアガリ,グランプリボス,53.0,-113.0,-7.0,53.0,-53.0,563.0,,,496.0,7.0
阪神,11,2,ケイアイシェルビー,ディープインパクト,-205.0,-473.0,-705.0,-1023.0,-110.0,-723.0,141.0,,-3098.0,9.0
阪神,11,3,アドバンスファラオ,American Pharoah,-40.0,-66.0,507.0,-227.0,660.0,234.0,,,1068.0,5.0
阪神,11,4,ヤマニンウルス,ジャスタウェイ,658.0,44.0,1037.0,552.0,691.0,826.0,978.0,,4786.0,4.0
阪神,11,5,テイエムリステット,モーリス,-298.0,-657.0,-2250.0,-1706.0,-2142.0,-1652.0,,,-8705.0,11.0
阪神,11,6,コパノニコルソン,コパノリッキー,186.0,-27.0,-2742.0,655.0,-2463.0,-1172.0,-126.0,,-5689.0,10.0
阪神,11,7,アルムブラーヴ,ブラックタイド,128.0,-90.0,1243.0,206.0,-856.0,501.0,-66.0,,1066.0,6.0
阪神,11,8,マルモリスペシャル,バトルプラン,-58.0,-121.0,-737.0,-637.0,-452.0,-338.0,-456.0,,-2799.0,8.0
阪神,11,9,サルヴァトーレ,キズナ,1177.0,1952.0,696.0,1712.0,-331.0,3253.0,,,8459.0,2.0
阪神,11,10,バトゥーキ,ラニ,117.0,37.0,2043.0,1669.0,568.0,1786.0,1515.0,,7735.0,3.0
阪神,11,11,フルム,シニスターミニスター,1131.0,-193.0,9037.0,126.0,2774.0,8102.0,3324.0,,24301.0,1.0
阪神,12,1,ルナビス,ディーマジェスティ,313.0,925.0,699.0,-456.0,150.0,869.0,-546.0,,1954.0,4.0
阪神,12,2,タイセイミニスター,シニスターミニスター,1131.0,2599.0,9037.0,1599.0,5738.0,8102.0,,,28206.0,1.0
阪神,12,3,ヒデノレインボー,シニスターミニスター,1131.0,2599.0,9037.0,126.0,5738.0,8102.0,,,26733.0,2.0
阪神,12,4,シャンデルナゴル,サトノダイヤモンド,-393.0,-1161.0,-41.0,,-472.0,-854.0,,,-2921.0,9.0
阪神,12,5,トーアシオン,プリサイスエンド,0.0,335.0,408.0,-38.0,727.0,279.0,12.0,,1723.0,5.0
阪神,12,6,メイショウシロガネ,ホッコータルマエ,-148.0,-598.0,965.0,-2418.0,40.0,-768.0,,,-2927.0,10.0
阪神,12,7,トゥルブレンシア,フリオーソ,285.0,53.0,93.0,721.0,-506.0,-61.0,,,585.0,6.0
阪神,12,8,ブラックサウザー,ダノンレジェンド,401.0,1705.0,4811.0,-101.0,1477.0,3179.0,435.0,,11907.0,3.0
阪神,12,9,テーオーレガシー,ダンカーク,-222.0,-452.0,259.0,-893.0,-128.0,28.0,-1264.0,,-2672.0,8.0
阪神,12,10,ホルトバージ,キンシャサノキセキ,-43.0,-1865.0,-67.0,-316.0,-322.0,855.0,-76.0,,-1834.0,7.0
