場所,R,馬番,馬名,種牡馬名,種牡馬利益度_1,種牡馬利益度_2,種牡馬利益度_3,種牡馬利益度_4,種牡馬利益度_5,種牡馬利益度_6,種牡馬利益度_7,種牡馬利益度_8,種牡馬利益度,種牡馬利益度順位
中山,1,1,ストライプブルー,ヴァンゴッホ,-140.0,-1291.0,-483.0,,-2354.0,349.0,-708.0,291.0,-4336.0,13.0
中山,1,2,バル,マテラスカイ,1302.0,-202.0,-432.0,,108.0,580.0,,-130.0,1226.0,6.0
中山,1,3,ジャガーライズ,パイロ,-203.0,509.0,1918.0,1768.0,250.0,1474.0,,948.0,6664.0,3.0
中山,1,4,デアトゥノウ,Daredevil,,,,,,,,,,
中山,1,5,ヴァイオスペース,リオンディーズ,659.0,-2276.0,183.0,-2090.0,-878.0,999.0,638.0,619.0,-2146.0,11.0
中山,1,6,サトノエスケープ,ジャスタウェイ,-563.0,-87.0,297.0,-306.0,788.0,-309.0,,466.0,286.0,8.0
中山,1,7,ドリームガッサン,キャプテンキング,,,,,,,,,,
中山,1,8,エクスプレスナイト,アジアエクスプレス,999.0,-659.0,1453.0,81.0,869.0,1475.0,229.0,845.0,5292.0,4.0
中山,1,9,フクノエルデ,スマートファルコン,995.0,-357.0,-324.0,364.0,-116.0,-323.0,,-180.0,59.0,9.0
中山,1,10,ダイコクヤタエモン,ナダル,239.0,-99.0,1069.0,-1027.0,-1039.0,-791.0,-388.0,-473.0,-2509.0,12.0
中山,1,11,エコロバロン,フォーウィールドライブ,479.0,2466.0,1931.0,896.0,3272.0,67.0,1319.0,-423.0,10007.0,1.0
中山,1,12,フレンチブラッサム,ホッコータルマエ,1170.0,1436.0,1620.0,1329.0,-7.0,-5.0,,1764.0,7307.0,2.0
中山,1,13,オスロクィーン,Liam's Map,136.0,71.0,-57.0,273.0,-80.0,419.0,,371.0,1133.0,7.0
中山,1,14,カシノハンゾウ,ネロ,-31.0,508.0,-298.0,56.0,1132.0,1051.0,269.0,-178.0,2509.0,5.0
中山,1,15,フックセンチョウ,アスクピーターパン,-166.0,-166.0,,,-249.0,-166.0,-83.0,,-830.0,10.0
中山,1,16,ベアゴーフォー,シャンハイボビー,-1380.0,-379.0,-1987.0,-852.0,-925.0,-1849.0,,-1009.0,-8381.0,14.0
中山,2,1,ウォータースパウト,ルヴァンスレーヴ,2709.0,-185.0,9332.0,8529.0,7661.0,8101.0,3010.0,3715.0,42872.0,1.0
中山,2,2,ブリスフルイヤー,ニューイヤーズデイ,442.0,190.0,643.0,-135.0,261.0,630.0,-982.0,575.0,1624.0,10.0
中山,2,3,ライブリピュア,クリエイター2,-130.0,-198.0,-235.0,-91.0,-239.0,-339.0,-190.0,68.0,-1354.0,13.0
中山,2,4,オリエンタルガール,カリフォルニアクローム,-280.0,2027.0,1351.0,1522.0,-694.0,2271.0,-314.0,1330.0,7213.0,4.0
中山,2,5,ルミテュット,ルヴァンスレーヴ,2709.0,-185.0,9332.0,8529.0,7661.0,8101.0,3010.0,3715.0,42872.0,1.0
中山,2,6,イサチルクイーン,リオンディーズ,659.0,-2276.0,183.0,-2090.0,-343.0,999.0,,619.0,-2249.0,14.0
中山,2,7,リュウノプティ,サンダースノー,1914.0,3456.0,3648.0,3139.0,820.0,2869.0,,1991.0,17837.0,3.0
中山,2,8,アンファール,レッドファルクス,782.0,231.0,1550.0,6.0,422.0,164.0,,229.0,3384.0,8.0
中山,2,9,ディレクティオ,ニューイヤーズデイ,442.0,190.0,643.0,-135.0,261.0,630.0,-982.0,575.0,1624.0,10.0
中山,2,10,キタノマテンロウ,ダノンスマッシュ,412.0,-1092.0,-1088.0,,-1120.0,-1181.0,,-551.0,-4620.0,16.0
中山,2,11,エンゼルランプ,ダノンプレミアム,51.0,248.0,-1053.0,,-1725.0,987.0,-998.0,-787.0,-3277.0,15.0
中山,2,12,ラングドシャ,キズナ,139.0,2090.0,-72.0,1369.0,2590.0,1509.0,,-558.0,7067.0,5.0
中山,2,13,レイナロハルンバ,ウインブライト,-435.0,1791.0,-852.0,488.0,294.0,1809.0,80.0,8.0,3183.0,9.0
中山,2,14,フォルマシオン,オルフェーヴル,607.0,1462.0,-133.0,686.0,505.0,614.0,,620.0,4361.0,7.0
中山,2,15,パルミエ,マインドユアビスケッツ,-1252.0,1338.0,-290.0,-222.0,-241.0,-1281.0,-83.0,852.0,-1179.0,12.0
中山,2,16,ゴールドソシアル,ゴールドアクター,-36.0,1006.0,254.0,1115.0,2060.0,1999.0,,217.0,6615.0,6.0
中山,3,1,ロジキセキ,アドマイヤマーズ,-958.0,-1760.0,1725.0,24.0,513.0,-480.0,-1385.0,116.0,-2205.0,10.0
中山,3,2,トーセンブリラーレ,トーセンレーヴ,-249.0,-261.0,-166.0,,88.0,-158.0,,-83.0,-829.0,9.0
中山,3,3,カフェラジェム,カリフォルニアクローム,-280.0,2027.0,1351.0,1522.0,-694.0,2271.0,,1330.0,7527.0,2.0
中山,3,4,エラルディーク,Sottsass,-332.0,-829.0,-249.0,-157.0,-132.0,-509.0,,-166.0,-2374.0,11.0
中山,3,5,クリムゾンリーフ,クリソベリル,669.0,-600.0,-541.0,,574.0,299.0,,-256.0,145.0,6.0
中山,3,6,ザンテソーロ,オルフェーヴル,607.0,1462.0,-133.0,686.0,505.0,614.0,,620.0,4361.0,3.0
中山,3,7,スノースコール,クリソベリル,669.0,-600.0,-541.0,,574.0,299.0,,-256.0,145.0,6.0
中山,3,8,セブンワンダーズ,キセキ,-1244.0,-1760.0,-702.0,,-1128.0,-1695.0,,-497.0,-7026.0,12.0
中山,3,9,ミアエッテ,シルバーステート,2039.0,-1281.0,-2374.0,-462.0,277.0,1278.0,1907.0,19.0,1403.0,5.0
中山,3,10,キセログラフィカ,ナダル,239.0,-99.0,1069.0,-1027.0,1034.0,-791.0,,-473.0,-48.0,8.0
中山,3,11,パテントプール,ダノンキングリー,277.0,113.0,661.0,,-118.0,235.0,,594.0,1762.0,4.0
中山,3,12,サンタピア,ルヴァンスレーヴ,2709.0,-185.0,9332.0,8529.0,7661.0,8101.0,,3715.0,39862.0,1.0
中山,4,1,スマートクオーレ,オルフェーヴル,607.0,116.0,-133.0,-62.0,331.0,614.0,282.0,620.0,2375.0,10.0
中山,4,2,アルデツヨシ,マインドユアビスケッツ,-1252.0,-2836.0,-290.0,-358.0,151.0,-1281.0,-59.0,852.0,-5073.0,13.0
中山,4,3,ブレイクザアイス,ラニ,417.0,556.0,995.0,370.0,-34.0,1069.0,579.0,281.0,4233.0,8.0
中山,4,4,ファミーユウルーズ,ナダル,239.0,268.0,1069.0,,-157.0,-791.0,1253.0,-473.0,1408.0,11.0
中山,4,5,ウインイメル,サンダースノー,1914.0,1139.0,3648.0,,-20.0,2869.0,-438.0,1991.0,11103.0,5.0
中山,4,6,マウントバーノン,ルヴァンスレーヴ,2709.0,5699.0,9332.0,,694.0,8101.0,2073.0,3715.0,32323.0,1.0
中山,4,7,カイトヴィント,ルヴァンスレーヴ,2709.0,5699.0,9332.0,,694.0,8101.0,2073.0,3715.0,32323.0,1.0
中山,4,8,チビノシエラザード,ブリックスアンドモルタル,-392.0,-271.0,-1580.0,,-652.0,-2201.0,1568.0,183.0,-3345.0,12.0
中山,4,9,ロードアフェット,キズナ,139.0,530.0,-72.0,947.0,1967.0,1509.0,,-558.0,4462.0,7.0
中山,4,10,リボルトバレット,ラニ,417.0,556.0,995.0,370.0,-34.0,1069.0,579.0,281.0,4233.0,8.0
中山,4,11,キャストロププ,ルヴァンスレーヴ,2709.0,5699.0,9332.0,,694.0,8101.0,2073.0,3715.0,32323.0,1.0
中山,4,12,フォレストゲート,ダノンレジェンド,829.0,1676.0,3873.0,-301.0,-268.0,3060.0,1042.0,1003.0,10914.0,6.0
中山,4,13,ステイアンビシャス,ドレフォン,-848.0,3237.0,5315.0,1520.0,-331.0,3246.0,2395.0,1232.0,15766.0,4.0
中山,5,1,モナート,ウインブライト,-435.0,-777.0,1641.0,488.0,1028.0,1809.0,,,3754.0,4.0
中山,5,2,イヌボウノサザナミ,ダノンキングリー,277.0,346.0,-130.0,,595.0,235.0,,,1323.0,7.0
中山,5,3,トルークマクト,ドレフォン,-848.0,-2064.0,-679.0,2869.0,2469.0,3246.0,,,4993.0,2.0
中山,5,4,ブレイヴソルジャー,ファインニードル,140.0,284.0,1382.0,594.0,962.0,1299.0,,,4661.0,3.0
中山,5,5,ウインシャリーフ,ベンバトル,238.0,-25.0,1574.0,,435.0,130.0,,,2352.0,5.0
中山,5,6,ゴーゴーパンチ,タリスマニック,-870.0,-942.0,-703.0,81.0,-34.0,-459.0,,,-2927.0,12.0
中山,5,7,タッカーヴァンバン,シュヴァルグラン,-553.0,653.0,-163.0,80.0,-795.0,-886.0,,,-1664.0,11.0
中山,5,8,キタノタイキ,ラブリーデイ,-179.0,833.0,1132.0,131.0,55.0,-545.0,,,1427.0,6.0
中山,5,9,ハートチャン,サトノダイヤモンド,485.0,-577.0,-2004.0,-2260.0,302.0,-1050.0,,,-5104.0,14.0
中山,5,10,ココナッツコースト,モーリス,-2090.0,273.0,-1842.0,-1490.0,-2479.0,-4301.0,,,-11929.0,16.0
中山,5,11,ヴァルカンテソーロ,ゴールドシップ,-895.0,-593.0,-664.0,-890.0,-1465.0,-1154.0,,,-5661.0,15.0
中山,5,12,デイトナチャンプ,インディチャンプ,-378.0,-683.0,869.0,,800.0,530.0,,,1138.0,8.0
中山,5,13,レガリーノ,アルバート,-249.0,-35.0,-166.0,-102.0,-4.0,158.0,,,-398.0,10.0
中山,5,14,スプリングドリーム,モズアスコット,1264.0,1716.0,3755.0,2625.0,3566.0,1792.0,,,14718.0,1.0
中山,5,15,アステリアート,ヴァンゴッホ,-140.0,-218.0,-809.0,,-2354.0,349.0,,,-3172.0,13.0
中山,5,16,エスシーケイミー,マジェスティックウォリアー,-324.0,-70.0,-252.0,258.0,197.0,339.0,,,148.0,9.0
中山,6,1,ギルドホール,レイデオロ,38.0,2847.0,3468.0,-699.0,348.0,-234.0,151.0,,5919.0,2.0
中山,6,2,キンググローリー,ダノンプレミアム,51.0,248.0,1702.0,,-1725.0,987.0,-998.0,,265.0,9.0
中山,6,3,マイネルミラケル,ウインブライト,-435.0,1791.0,1641.0,488.0,294.0,1809.0,36.0,,5624.0,4.0
中山,6,4,プレイザリード,キズナ,139.0,2090.0,2619.0,1369.0,2590.0,1509.0,,,10316.0,1.0
中山,6,5,ナハトナナレオン,モーリス,-2090.0,-707.0,-1842.0,-1490.0,-1321.0,-4301.0,451.0,,-11300.0,18.0
中山,6,6,マーゴットライズ,インディチャンプ,-378.0,1391.0,869.0,,482.0,530.0,1370.0,,4264.0,5.0
中山,6,7,サトノワーグナー,ロードカナロア,-602.0,-653.0,-704.0,-756.0,-1488.0,-1931.0,-518.0,,-6652.0,17.0
中山,6,8,ポポラヴィスタ,ダノンバラード,-2889.0,-367.0,224.0,221.0,608.0,-594.0,66.0,,-2731.0,12.0
中山,6,9,クオンタムスター,コントレイル,-425.0,-394.0,131.0,,-419.0,-620.0,,,-1727.0,11.0
中山,6,10,ウィロークリーク,ラブリーデイ,-179.0,52.0,1132.0,131.0,-343.0,-545.0,,,248.0,10.0
中山,6,11,レディトゥランブル,ダノンプレミアム,51.0,248.0,1702.0,,-1725.0,987.0,,,1263.0,8.0
中山,6,12,イモータリス,ミッキーロケット,968.0,119.0,617.0,-106.0,580.0,834.0,,,3012.0,7.0
中山,6,13,アッパーウォーター,サトノダイヤモンド,485.0,1095.0,-2004.0,-2260.0,-488.0,-1050.0,,,-4222.0,14.0
中山,6,14,マイネルゼーロス,ダノンバラード,-2889.0,-367.0,224.0,221.0,608.0,-594.0,66.0,,-2731.0,12.0
中山,6,15,イブキ,レイデオロ,38.0,2847.0,3468.0,-699.0,348.0,-234.0,,,5768.0,3.0
中山,6,16,マイネルリーヒム,ゴールドシップ,-895.0,-923.0,-664.0,-890.0,-19.0,-1154.0,,,-4545.0,15.0
中山,6,17,ボグラーモデル,ベンバトル,238.0,1307.0,1574.0,,727.0,130.0,-218.0,,3758.0,6.0
中山,6,18,ラスターヴァース,サトノダイヤモンド,485.0,1095.0,-2004.0,-2260.0,-488.0,-1050.0,-1294.0,,-5516.0,16.0
中山,7,1,コスモエルヴァル,ダノンバラード,-2889.0,-97.0,224.0,221.0,608.0,-594.0,,,-2527.0,7.0
中山,7,2,ステラスペース,レイデオロ,38.0,49.0,3468.0,-699.0,348.0,-234.0,,,2970.0,3.0
中山,7,3,アンソニー,コントレイル,-425.0,-129.0,131.0,,-419.0,-620.0,-311.0,,-1773.0,6.0
中山,7,4,ヒシアムルーズ,サートゥルナーリア,-1252.0,-923.0,28.0,-3016.0,-2737.0,-2661.0,-105.0,,-10666.0,10.0
中山,7,5,サンブライト,ロードカナロア,-602.0,198.0,-704.0,-756.0,-1488.0,-1931.0,-518.0,,-5801.0,9.0
中山,7,6,セヴェロ,サトノダイヤモンド,485.0,-483.0,-2004.0,-2260.0,-488.0,-1050.0,,,-5800.0,8.0
中山,7,7,チャリングクロス,キタサンブラック,27.0,1656.0,958.0,-143.0,499.0,1362.0,,,4359.0,2.0
中山,7,8,フロレセール,レイデオロ,38.0,49.0,3468.0,-699.0,348.0,-234.0,,,2970.0,3.0
中山,7,9,ユメシルベ,ウインブライト,-435.0,872.0,1641.0,488.0,294.0,1809.0,,,4669.0,1.0
中山,7,10,ストロングエース,ヤマカツエース,136.0,-246.0,128.0,-205.0,-260.0,-417.0,,,-864.0,5.0
中山,8,1,クラウンセト,ストロングリターン,-353.0,483.0,-183.0,-39.0,-165.0,-415.0,-123.0,,-795.0,3.0
中山,8,2,コパノニコルソン,コパノリッキー,-294.0,-9.0,35.0,-208.0,177.0,-1164.0,-732.0,,-2195.0,5.0
中山,8,3,ソルアマゾン,リオンディーズ,659.0,922.0,4.0,-1511.0,8.0,999.0,-1725.0,,-644.0,2.0
中山,8,4,ヘザルフェン,Golden Horn,-40.0,157.0,757.0,0.0,340.0,-97.0,-17.0,,1100.0,1.0
中山,8,5,コンテナワールド,エピファネイア,-1564.0,-799.0,-530.0,-4519.0,-1068.0,-4432.0,-2285.0,,-15197.0,9.0
中山,8,6,フォージドブリック,ブリックスアンドモルタル,-392.0,-1011.0,-30.0,,-652.0,-2201.0,1568.0,,-2718.0,6.0
中山,8,7,ディナースタ,ドゥラメンテ,-506.0,-137.0,-150.0,-4534.0,930.0,-2501.0,-1055.0,,-7953.0,8.0
中山,8,8,デシマルサーガ,バゴ,-1110.0,-195.0,-247.0,410.0,-851.0,-965.0,-1367.0,,-4325.0,7.0
中山,8,9,ワールドスケール,ワールドエース,-57.0,-315.0,229.0,-34.0,312.0,-1038.0,-470.0,,-1373.0,4.0
中山,9,1,グレイスザクラウン,リーチザクラウン,213.0,-369.0,-312.0,19.0,-102.0,49.0,-64.0,185.0,-381.0,9.0
中山,9,2,ナチュラルリバー,ルーラーシップ,-93.0,-2528.0,-1150.0,-1793.0,-4162.0,-959.0,-744.0,-1220.0,-12649.0,12.0
中山,9,3,オーケーバーディー,シニスターミニスター,303.0,2445.0,6646.0,-465.0,4029.0,5699.0,1489.0,1639.0,21785.0,2.0
中山,9,4,ロンパイア,レッドファルクス,782.0,117.0,1550.0,-221.0,422.0,164.0,,229.0,3043.0,6.0
中山,9,5,サムシャイン,ルヴァンスレーヴ,2709.0,5699.0,9332.0,,7661.0,8101.0,3010.0,3715.0,40227.0,1.0
中山,9,6,シンボリノエル,ドレフォン,-848.0,3237.0,5315.0,-526.0,1879.0,3246.0,,1232.0,13535.0,3.0
中山,9,7,ライジンマル,アジアエクスプレス,999.0,2004.0,1453.0,2052.0,1037.0,1475.0,229.0,845.0,10094.0,5.0
中山,9,8,アイウィル,ドレフォン,-848.0,3237.0,5315.0,-526.0,1879.0,3246.0,,1232.0,13535.0,3.0
中山,9,9,サイモンソーラン,コパノリッキー,-294.0,-1416.0,-2216.0,-208.0,-781.0,-1164.0,,-1100.0,-7179.0,11.0
中山,9,10,セザンワールド,トゥザワールド,-139.0,338.0,83.0,-212.0,246.0,0.0,,-233.0,83.0,8.0
中山,9,11,アメージング,Kitten's Joy,158.0,-58.0,29.0,0.0,-4.0,200.0,-31.0,-21.0,273.0,7.0
中山,9,12,サノノワンダー,ヘニーヒューズ,-419.0,-750.0,-615.0,-558.0,390.0,-752.0,-658.0,-317.0,-3679.0,10.0
中山,10,1,ダンツファイター,ニューイヤーズデイ,442.0,189.0,985.0,63.0,261.0,630.0,-982.0,,1588.0,6.0
中山,10,2,ラーテル,ビッグアーサー,36.0,1234.0,1036.0,2478.0,-146.0,286.0,-693.0,,4231.0,3.0
中山,10,3,ダイシンアポロン,レイデオロ,38.0,49.0,3468.0,,348.0,-234.0,151.0,,3820.0,4.0
中山,10,4,ジェットブレード,ビーチパトロール,-81.0,1117.0,595.0,-100.0,767.0,-224.0,731.0,,2805.0,5.0
中山,10,5,マイネルフォルツァ,ゴールドシップ,-895.0,-359.0,-664.0,-774.0,-19.0,-1154.0,-1152.0,,-5017.0,11.0
中山,10,6,コスモオピニオン,ダノンバラード,-2889.0,-97.0,224.0,-394.0,608.0,-594.0,66.0,,-3076.0,9.0
中山,10,7,レイヤードレッド,フィエールマン,2893.0,1210.0,2095.0,,876.0,1515.0,-760.0,,7829.0,1.0
中山,10,8,オメガインペリアル,Kingman,-459.0,-702.0,-1107.0,-397.0,-159.0,-829.0,,,-3653.0,10.0
中山,10,9,アンテロース,モーリス,-2090.0,-2563.0,-1842.0,-1986.0,-1321.0,-4301.0,451.0,,-13652.0,12.0
中山,10,10,ドゥカート,レイデオロ,38.0,49.0,3468.0,546.0,348.0,-234.0,151.0,,4366.0,2.0
中山,10,11,タイセイリコルド,ゴールドシップ,-895.0,-359.0,-664.0,796.0,-19.0,-1154.0,,,-2295.0,8.0
中山,10,12,ヴィブラツィオーネ,スピルバーグ,264.0,45.0,115.0,-648.0,32.0,43.0,99.0,,-50.0,7.0
中山,11,1,ショウナンラスボス,ダイワメジャー,-113.0,-97.0,-573.0,-1477.0,-638.0,-693.0,,,-3591.0,13.0
中山,11,2,ダークエクリプス,ドゥラメンテ,-506.0,-2106.0,-1443.0,-4534.0,-2917.0,-2501.0,-1889.0,,-15896.0,14.0
中山,11,3,マックアルイーン,Blue Point,-56.0,-150.0,31.0,-249.0,-29.0,60.0,,,-393.0,11.0
中山,11,4,ドーバーホーク,ディーマジェスティ,612.0,-79.0,-410.0,-1276.0,560.0,984.0,404.0,,795.0,9.0
中山,11,5,ライクアフラワー,アメリカンペイトリオット,-532.0,479.0,867.0,2083.0,-83.0,829.0,,,3643.0,5.0
中山,11,6,アンドアイラヴハー,No Nay Never,62.0,104.0,125.0,0.0,-404.0,-39.0,,,-152.0,10.0
中山,11,7,スコーピオン,ビッグアーサー,36.0,1234.0,1036.0,2478.0,-260.0,286.0,,,4810.0,4.0
中山,11,8,スピードオブライト,ロードカナロア,-602.0,198.0,-704.0,1005.0,945.0,-1931.0,,,-1089.0,12.0
中山,11,9,アシャカタカ,ファインニードル,140.0,-171.0,1382.0,-577.0,962.0,1299.0,,,3035.0,7.0
中山,11,10,レオテミス,デクラレーションオブウォー,676.0,323.0,1254.0,-645.0,554.0,1075.0,,,3237.0,6.0
中山,11,11,イサチルシーサイド,イスラボニータ,2615.0,-74.0,2755.0,1218.0,2310.0,2721.0,,,11545.0,1.0
中山,11,12,アンビバレント,ディスクリートキャット,812.0,220.0,1987.0,2333.0,2587.0,2361.0,,,10300.0,2.0
中山,11,13,ウインアイオライト,スクリーンヒーロー,675.0,967.0,2284.0,-202.0,804.0,1333.0,1114.0,,6975.0,3.0
中山,11,14,コスモアディラート,Snitzel,21.0,578.0,682.0,635.0,632.0,24.0,-28.0,,2544.0,8.0
中山,12,1,ハジメテノチュウ,アドマイヤムーン,23.0,-572.0,-857.0,240.0,-682.0,-677.0,,-194.0,-2719.0,15.0
中山,12,2,フォースミラクル,ジャスタウェイ,-563.0,-322.0,297.0,266.0,788.0,-309.0,804.0,466.0,1427.0,6.0
中山,12,3,ミツカネリブラ,シルバーステート,2039.0,109.0,-2374.0,874.0,-97.0,1278.0,1907.0,19.0,3755.0,5.0
中山,12,4,エクストラチャージ,Maclean's Music,-38.0,0.0,183.0,0.0,136.0,-35.0,,-89.0,157.0,10.0
中山,12,5,カルネヴァーレ,ダノンレジェンド,829.0,1676.0,3873.0,-301.0,3216.0,3060.0,272.0,1003.0,13628.0,1.0
中山,12,6,アイスブレイカー,ホッコータルマエ,1170.0,-621.0,1620.0,626.0,-7.0,-5.0,,1764.0,4547.0,4.0
中山,12,7,リッキースタイル,ジャスタウェイ,-563.0,-322.0,297.0,266.0,788.0,-309.0,804.0,466.0,1427.0,6.0
中山,12,8,ルプランドル,アイルハヴアナザー,-214.0,-502.0,-275.0,-566.0,-49.0,-115.0,,-126.0,-1847.0,13.0
中山,12,9,イノキ,ミスターメロディ,-50.0,-366.0,-949.0,,691.0,58.0,,-770.0,-1386.0,12.0
中山,12,10,ホウオウゴールド,ディーマジェスティ,612.0,-79.0,1746.0,-139.0,560.0,984.0,404.0,1439.0,5527.0,3.0
中山,12,11,ピコテンダー,Justify,-111.0,-320.0,-428.0,-209.0,-217.0,-727.0,,-584.0,-2596.0,14.0
中山,12,12,ビーコング,タリスマニック,-870.0,-704.0,-183.0,-1033.0,-34.0,-459.0,-1080.0,-313.0,-4676.0,16.0
中山,12,13,ブリングライト,バトルプラン,-80.0,-366.0,-382.0,80.0,-345.0,-46.0,,549.0,-590.0,11.0
中山,12,14,カツノテンス,シルバーステート,2039.0,109.0,-2374.0,-664.0,-97.0,1278.0,,19.0,310.0,9.0
中山,12,15,ブラックトルネード,フォーウィールドライブ,479.0,1041.0,1931.0,,3272.0,67.0,1319.0,-423.0,7686.0,2.0
中山,12,16,アルシミスト,オルフェーヴル,607.0,116.0,-133.0,175.0,-1175.0,614.0,282.0,620.0,1106.0,8.0
京都,1,1,プレザントトーン,ルヴァンスレーヴ,1841.0,-185.0,9332.0,8529.0,7661.0,8101.0,,,35279.0,2.0
京都,1,2,ルパピヨンブラン,ゴールドドリーム,388.0,-1742.0,-1839.0,-984.0,534.0,-277.0,-1374.0,,-5294.0,13.0
京都,1,3,ブラッドムーン,シニスターミニスター,1989.0,2541.0,6646.0,2818.0,4029.0,5699.0,,,23722.0,3.0
京都,1,4,リアライズブルーム,ルヴァンスレーヴ,1841.0,-185.0,9332.0,8529.0,7661.0,8101.0,3010.0,,38289.0,1.0
京都,1,5,マチュ,ヘンリーバローズ,269.0,-173.0,-98.0,-53.0,598.0,928.0,220.0,,1691.0,8.0
京都,1,6,ジーティービキニ,キズナ,648.0,2090.0,-72.0,1369.0,2590.0,1509.0,,,8134.0,7.0
京都,1,7,タガノアルテミス,サンダースノー,-510.0,3456.0,3648.0,3139.0,820.0,2869.0,-438.0,,12984.0,6.0
京都,1,8,ルージュビバーチェ,ミスターメロディ,565.0,2.0,-949.0,1134.0,-1707.0,58.0,,,-897.0,11.0
京都,1,9,イルカンダ,クリソベリル,-145.0,-600.0,-541.0,,574.0,299.0,-161.0,,-574.0,10.0
京都,1,10,アライブテーラー,シニスターミニスター,1989.0,2541.0,6646.0,2818.0,4029.0,5699.0,,,23722.0,3.0
京都,1,11,シャフメラン,ドレフォン,1753.0,1595.0,5315.0,2869.0,1879.0,3246.0,,,16657.0,5.0
京都,1,12,アルムランプシー,サトノアラジン,142.0,-337.0,-1132.0,-740.0,-1169.0,-1019.0,,,-4255.0,12.0
京都,1,13,エンジェルグラース,シャンハイボビー,164.0,-379.0,-1987.0,-852.0,-2570.0,-1849.0,,,-7473.0,14.0
京都,1,14,ワイドバヴァール,ナダル,89.0,-99.0,1069.0,-1027.0,1034.0,-791.0,,,275.0,9.0
京都,2,1,ツーエムアスリート,サトノダイヤモンド,-431.0,1095.0,973.0,-2260.0,-488.0,-1050.0,-1294.0,,-3455.0,12.0
京都,2,2,メイショウハチマキ,ミッキーアイル,489.0,518.0,-209.0,770.0,194.0,982.0,1409.0,,4153.0,4.0
京都,2,3,フィサブロス,レイデオロ,-827.0,2847.0,-1287.0,-699.0,348.0,-234.0,151.0,,299.0,5.0
京都,2,4,クボウサマ,ダイワメジャー,-373.0,-896.0,-1512.0,-466.0,-1203.0,-693.0,-1397.0,,-6540.0,14.0
京都,2,5,ノービレ,ダノンプレミアム,615.0,248.0,-1053.0,,-1725.0,987.0,-998.0,,-1926.0,9.0
京都,2,6,アルダ,リアルスティール,-826.0,1582.0,893.0,3343.0,1692.0,1651.0,-1695.0,,6640.0,2.0
京都,2,7,ニミッツハイウェイ,ジャスタウェイ,-377.0,-87.0,297.0,-306.0,-1397.0,-309.0,209.0,,-1970.0,10.0
京都,2,8,エドウィンナルコ,サトノダイヤモンド,-431.0,1095.0,973.0,-2260.0,-488.0,-1050.0,1142.0,,-1019.0,8.0
京都,2,9,アスクチャンスマン,ドレフォン,1753.0,1595.0,5315.0,2869.0,1879.0,3246.0,2395.0,,19052.0,1.0
京都,2,10,トコトコクマチ,ホッコータルマエ,-1322.0,1436.0,1620.0,1329.0,1511.0,-5.0,842.0,,5411.0,3.0
京都,2,11,ガウラディスコ,クリソベリル,-145.0,-600.0,-541.0,,574.0,299.0,-161.0,,-574.0,7.0
京都,2,12,ベジョータ,ハービンジャー,-333.0,-1622.0,-1294.0,-654.0,-1583.0,-403.0,-2569.0,,-8458.0,16.0
京都,2,13,トゥレネヴェリテ,コントレイル,-443.0,-394.0,-300.0,,-419.0,-620.0,-311.0,,-2487.0,11.0
京都,2,14,アクティブヘイロー,アルアイン,17.0,-1478.0,-1679.0,-2430.0,-2008.0,-660.0,481.0,,-7757.0,15.0
京都,2,15,カレンショー,カレンブラックヒル,-234.0,-725.0,240.0,-840.0,129.0,-1405.0,-648.0,,-3483.0,13.0
京都,2,16,テスタヴェローチェ,マテラスカイ,-188.0,-202.0,-432.0,,-551.0,580.0,586.0,,-207.0,6.0
京都,3,1,マナボニート,グァンチャーレ,635.0,,59.0,-142.0,16.0,36.0,,,604.0,7.0
京都,3,2,サウンドジュテ,デクラレーションオブウォー,508.0,156.0,-1216.0,750.0,554.0,1075.0,,,1827.0,4.0
京都,3,3,ローメット,ルヴァンスレーヴ,1841.0,3782.0,9332.0,8529.0,2153.0,8101.0,,,33738.0,1.0
京都,3,4,ウルダ,ヘニーヒューズ,-735.0,25.0,-615.0,228.0,-1117.0,-752.0,,,-2966.0,9.0
京都,3,5,マルカスマッシュ,ダノンスマッシュ,-381.0,-140.0,-1088.0,,-677.0,-1181.0,,,-3467.0,10.0
京都,3,6,タイセイフリーデン,ダノンスマッシュ,-381.0,-140.0,-1088.0,,-677.0,-1181.0,,,-3467.0,10.0
京都,3,7,ガビーズデトワール,アポロケンタッキー,-123.0,-67.0,684.0,151.0,245.0,420.0,,,1310.0,5.0
京都,3,8,ウェルカムソング,Charlatan,22.0,1.0,36.0,,294.0,115.0,,,468.0,8.0
京都,3,9,モンターニュドネガ,シャンハイボビー,164.0,-99.0,-1987.0,-852.0,-925.0,-1849.0,,,-5548.0,13.0
京都,3,10,ヤスナ,ロジャーバローズ,1032.0,698.0,-2477.0,-9.0,-516.0,-2860.0,,,-4132.0,12.0
京都,3,11,エンドレスクライ,アジアエクスプレス,559.0,-311.0,1453.0,81.0,869.0,1475.0,,,4126.0,3.0
京都,3,12,ハギノクリーガー,ハギノハイブリッド,,,,,,,,,,
京都,3,13,スマートレイナ,イスラボニータ,253.0,302.0,-33.0,762.0,2310.0,2721.0,,,6315.0,2.0
京都,3,14,サンミスメロディ,ミスターメロディ,565.0,-659.0,-949.0,1134.0,691.0,58.0,,,840.0,6.0
京都,4,1,リピース,サンダースノー,-510.0,1139.0,3648.0,3139.0,820.0,2869.0,,,11105.0,3.0
京都,4,2,リヒトミューレ,ポエティックフレア,186.0,-157.0,4.0,,330.0,266.0,,,629.0,6.0
京都,4,3,ディーリライズ,ディーマジェスティ,-226.0,-79.0,1746.0,1911.0,750.0,984.0,404.0,,5490.0,5.0
京都,4,4,オラヴィンリンナ,シルバーステート,-101.0,109.0,-2374.0,-462.0,277.0,1278.0,,,-1273.0,8.0
京都,4,5,ケンタッキーホーム,ゴールドドリーム,388.0,-231.0,-1839.0,-984.0,534.0,-277.0,,,-2409.0,10.0
京都,4,6,ヘルメスギャング,ブリックスアンドモルタル,-1292.0,-271.0,-1580.0,-27.0,326.0,-2201.0,,,-5045.0,11.0
京都,4,7,デールエルバハリ,クリソベリル,-145.0,-59.0,-541.0,,574.0,299.0,,,128.0,7.0
京都,4,8,メルカントゥール,ルヴァンスレーヴ,1841.0,5699.0,9332.0,8529.0,7661.0,8101.0,,,41163.0,1.0
京都,4,9,テイエムサンレーヴ,ルヴァンスレーヴ,1841.0,5699.0,9332.0,8529.0,7661.0,8101.0,,,41163.0,1.0
京都,4,10,スカイストライプス,コントレイル,-443.0,-129.0,-300.0,,-419.0,-620.0,,,-1911.0,9.0
京都,4,11,シーズザスローン,キズナ,648.0,530.0,-72.0,1369.0,2590.0,1509.0,,,6574.0,4.0
京都,5,1,マイネルシュラハト,ベンバトル,-944.0,1307.0,1574.0,,727.0,130.0,,,2794.0,8.0
京都,5,2,タガノアルトゥーラ,シルバーステート,-101.0,-1281.0,2587.0,-462.0,277.0,1278.0,,,2298.0,9.0
京都,5,3,マサノハヤブサ,サートゥルナーリア,338.0,-10.0,28.0,-3016.0,-2737.0,-2661.0,-105.0,,-8163.0,16.0
京都,5,4,ノートルダム,コントレイル,-443.0,-394.0,131.0,,-419.0,-620.0,-311.0,,-2056.0,11.0
京都,5,5,ヨッシーリオ,フィエールマン,-640.0,471.0,2095.0,2611.0,876.0,1515.0,,,6928.0,2.0
京都,5,6,コティノス,サートゥルナーリア,338.0,-10.0,28.0,-3016.0,-2737.0,-2661.0,,,-8058.0,15.0
京都,5,7,ショウナンカルメラ,グレーターロンドン,-153.0,824.0,1739.0,1232.0,155.0,1242.0,-458.0,,4581.0,5.0
京都,5,8,グリーンゴー,ハービンジャー,-333.0,-1622.0,-1765.0,-654.0,-1583.0,-403.0,360.0,,-6000.0,13.0
京都,5,9,アメジストロード,Tom's d'Etat,,,,,,,,,,
京都,5,10,オンザムービー,サンダースノー,-510.0,3456.0,-664.0,3139.0,820.0,2869.0,-438.0,,8672.0,1.0
京都,5,11,マーズローバー,アドマイヤマーズ,305.0,-1760.0,-2057.0,24.0,513.0,-480.0,-1385.0,,-4840.0,12.0
京都,5,12,アウェイクネス,Frankel,-290.0,-13.0,236.0,-49.0,166.0,-296.0,159.0,,-87.0,10.0
京都,5,13,インナーヴォイス,キタサンブラック,1157.0,122.0,958.0,-143.0,499.0,1362.0,1038.0,,4993.0,4.0
京都,5,14,コスモグロボーサ,ウインブライト,-484.0,1791.0,1641.0,488.0,294.0,1809.0,36.0,,5575.0,3.0
京都,5,15,アルペングロー,オルフェーヴル,-157.0,1462.0,-238.0,686.0,505.0,614.0,,,2872.0,7.0
京都,5,16,サイモンシャリオ,アルアイン,17.0,-1478.0,-138.0,-2430.0,-2008.0,-660.0,,,-6697.0,14.0
京都,5,17,コスモブラック,キタサンブラック,1157.0,122.0,958.0,-143.0,499.0,1362.0,,,3955.0,6.0
京都,6,1,ジェイパック,イスラボニータ,253.0,2297.0,2755.0,762.0,2310.0,2721.0,,,11098.0,2.0
京都,6,2,カルロット,リオンディーズ,31.0,-2276.0,-1403.0,-2090.0,-878.0,999.0,,,-5617.0,14.0
京都,6,3,エアヴァイブス,コントレイル,-443.0,-394.0,131.0,,96.0,-620.0,-399.0,,-1629.0,9.0
京都,6,4,ヒバリノコ,ロジャーバローズ,1032.0,-1022.0,-68.0,-9.0,-516.0,-2860.0,-695.0,,-4138.0,12.0
京都,6,5,チュウワメロディー,ミスターメロディ,565.0,2.0,10.0,1134.0,691.0,58.0,,,2460.0,8.0
京都,6,6,ベルサンローラン,キタサンブラック,1157.0,122.0,958.0,-143.0,1069.0,1362.0,1569.0,,6094.0,5.0
京都,6,7,ギフテッドスペック,ビッグアーサー,230.0,-951.0,1036.0,-1681.0,-260.0,286.0,-1156.0,,-2496.0,11.0
京都,6,8,エンジェルボイス,キズナ,648.0,2090.0,2619.0,1369.0,-863.0,1509.0,-374.0,,6998.0,3.0
京都,6,9,マテンロウブリッジ,サトノクラウン,-417.0,-1807.0,-1561.0,-837.0,-238.0,-755.0,,,-5615.0,13.0
京都,6,10,テイエムプレミラン,ダノンプレミアム,615.0,248.0,1702.0,,2261.0,987.0,-284.0,,5529.0,6.0
京都,6,11,テーオーカイザー,キタサンブラック,1157.0,122.0,958.0,-143.0,1069.0,1362.0,,,4525.0,7.0
京都,6,12,リアンマヒナ,モズアスコット,525.0,3811.0,3755.0,2625.0,3566.0,1792.0,,,16074.0,1.0
京都,6,13,ジーティーアリア,コントレイル,-443.0,-394.0,131.0,,96.0,-620.0,-399.0,,-1629.0,9.0
京都,6,14,メイショウケンゴウ,フィエールマン,-640.0,471.0,2095.0,2611.0,1282.0,1515.0,-760.0,,6574.0,4.0
京都,6,15,シンゼンイセ,サトノインプレッサ,,,,,,,,,,
京都,7,1,エコロスパーダ,リアルスティール,-826.0,331.0,893.0,-1011.0,1692.0,1651.0,869.0,,3599.0,2.0
京都,7,2,エンマ,バゴ,-7.0,349.0,-703.0,96.0,-913.0,-965.0,,,-2143.0,11.0
京都,7,3,アスクガンバーレ,サートゥルナーリア,338.0,-923.0,-2606.0,,-2737.0,-2661.0,-395.0,,-8984.0,13.0
京都,7,4,ジョードリウム,ホッコータルマエ,-1322.0,-621.0,1620.0,-1406.0,1511.0,-5.0,842.0,,619.0,6.0
京都,7,5,トモジャザーン,マジェスティックウォリアー,-141.0,1761.0,396.0,-68.0,49.0,339.0,,,2336.0,5.0
京都,7,6,ジーティーパワー,Frankel,-290.0,-486.0,-359.0,-513.0,166.0,-296.0,-280.0,,-2058.0,10.0
京都,7,7,ララマルシュドロワ,Collected,-345.0,-472.0,112.0,-246.0,289.0,186.0,,,-476.0,7.0
京都,7,8,モズプリヴェール,モズアスコット,525.0,-700.0,3010.0,,3044.0,1792.0,,,7671.0,1.0
京都,7,9,アークドール,Golden Horn,7.0,-252.0,-173.0,0.0,-145.0,-97.0,,,-660.0,8.0
京都,7,10,ハイクオリティ,リアルスティール,-826.0,331.0,893.0,-1011.0,1692.0,1651.0,,,2730.0,4.0
京都,7,11,ワイドクリーガー,サトノクラウン,-417.0,1240.0,73.0,1018.0,-2698.0,-755.0,,,-1539.0,9.0
京都,7,12,プロスペクト,リオンディーズ,31.0,61.0,183.0,-1511.0,-343.0,999.0,-1725.0,,-2305.0,12.0
京都,7,13,ルクスフレンジー,モーリス,288.0,-2563.0,-2595.0,-1526.0,-1321.0,-4301.0,451.0,,-11567.0,14.0
京都,7,14,サラコスティ,エピファネイア,-570.0,-7059.0,-2324.0,-2552.0,-2293.0,-4432.0,,,-19230.0,15.0
京都,7,15,ステイクオール,ナダル,89.0,268.0,1069.0,,1034.0,-791.0,1253.0,,2922.0,3.0
京都,8,1,エコロネオ,Bernardini,-70.0,4.0,86.0,,132.0,-199.0,231.0,,184.0,6.0
京都,8,2,プロテア,ロードカナロア,-829.0,198.0,-292.0,1005.0,945.0,-1931.0,,,-904.0,8.0
京都,8,3,カワキタマナレア,ヘニーヒューズ,-735.0,-750.0,-615.0,-558.0,-1117.0,-752.0,829.0,,-3698.0,13.0
京都,8,4,フェデラー,ナダル,89.0,268.0,1069.0,,-1039.0,-791.0,,,-404.0,7.0
京都,8,5,マイネルフォーコン,アジアエクスプレス,559.0,2004.0,1453.0,2052.0,869.0,1475.0,229.0,,8641.0,2.0
京都,8,6,イリフィ,Too Darn Hot,107.0,199.0,-14.0,-236.0,222.0,410.0,,,688.0,5.0
京都,8,7,ストラテージュ,モズアスコット,525.0,-700.0,3010.0,,3566.0,1792.0,-1692.0,,6501.0,3.0
京都,8,8,ノビル,ネオユニヴァース,-7.0,-216.0,-136.0,-96.0,-410.0,-107.0,,,-972.0,9.0
京都,8,9,プレアデスグループ,サトノアラジン,142.0,67.0,-1132.0,-624.0,180.0,-1019.0,,,-2386.0,12.0
京都,8,10,ペプチドクレマチス,コパノリッキー,331.0,-1416.0,-2216.0,-583.0,-1211.0,-1164.0,,,-6259.0,14.0
京都,8,11,ミッキーマカパ,ロードカナロア,-829.0,198.0,-292.0,904.0,945.0,-1931.0,,,-1005.0,10.0
京都,8,12,エンプレスペイ,ドレフォン,1753.0,3237.0,5315.0,-526.0,2469.0,3246.0,,,15494.0,1.0
京都,8,13,フェリ,ヘニーヒューズ,-735.0,-750.0,-615.0,-2368.0,-1117.0,-752.0,,,-6337.0,15.0
京都,8,14,ヴリトラハン,ロードカナロア,-829.0,198.0,-292.0,904.0,945.0,-1931.0,2426.0,,1421.0,4.0
京都,8,15,スペシャルナンバー,リオンディーズ,31.0,61.0,183.0,-1511.0,-878.0,999.0,,,-1115.0,11.0
京都,9,1,コスモアンソロジー,ダノンバラード,59.0,-97.0,224.0,-420.0,608.0,-594.0,,,-220.0,5.0
京都,9,2,ザブライド,ドゥラメンテ,-1416.0,-2106.0,-1443.0,-4534.0,-1524.0,-2501.0,-1055.0,,-14579.0,10.0
京都,9,3,チェルノボーグ,ディープインパクト,105.0,-375.0,85.0,-285.0,-147.0,-324.0,-35.0,,-976.0,7.0
京都,9,4,ナイトスラッガー,ルーラーシップ,446.0,-2528.0,-1112.0,-1793.0,-4162.0,-959.0,,,-10108.0,9.0
京都,9,5,ミカエルパシャ,エピファネイア,-570.0,-7059.0,-3133.0,-4519.0,-2293.0,-4432.0,-4399.0,,-26405.0,11.0
京都,9,6,レディーミコノス,Le Havre,1869.0,-126.0,165.0,-334.0,-206.0,156.0,,,1524.0,2.0
京都,9,7,ガストン,シルバーステート,-101.0,109.0,2587.0,-664.0,277.0,1278.0,1907.0,,5393.0,1.0
京都,9,8,ウォータークラーク,ウォータービルド,-7.0,216.0,59.0,,-25.0,129.0,377.0,,749.0,3.0
京都,9,9,ウィルサヴァイブ,アルアイン,17.0,1341.0,-138.0,809.0,-2008.0,-660.0,,,-639.0,6.0
京都,9,10,モアリジット,ロードカナロア,-829.0,198.0,-704.0,1005.0,-1488.0,-1931.0,2426.0,,-1323.0,8.0
京都,9,11,レッセパッセ,ダノンバラード,59.0,-97.0,224.0,-394.0,608.0,-594.0,,,-194.0,4.0
京都,10,1,テイエムタリスマ,タリスマニック,-287.0,-704.0,-183.0,-1033.0,-34.0,-459.0,,,-2700.0,14.0
京都,10,2,ナスノカンゲツ,ダイワメジャー,-373.0,-97.0,-1512.0,-1477.0,-638.0,-693.0,,,-4790.0,16.0
京都,10,3,ツークフォーゲル,ドレフォン,1753.0,3237.0,5315.0,-526.0,2469.0,3246.0,,,15494.0,3.0
京都,10,4,ジェネラーレ,Army Mule,45.0,350.0,383.0,,396.0,607.0,,,1781.0,11.0
京都,10,5,ペイシャモノノフ,ニシケンモノノフ,-23.0,40.0,-422.0,-497.0,-131.0,-344.0,227.0,,-1150.0,12.0
京都,10,6,エンヤラヴフェイス,エイシンヒカリ,256.0,3.0,462.0,399.0,845.0,770.0,,,2735.0,9.0
京都,10,7,パドマ,ドレフォン,1753.0,3237.0,5315.0,-526.0,2469.0,3246.0,,,15494.0,3.0
京都,10,8,ショウナンアビアス,ドレフォン,1753.0,3237.0,5315.0,-526.0,2469.0,3246.0,,,15494.0,3.0
京都,10,9,タカネノハナコサン,カレンブラックヒル,-234.0,254.0,240.0,-2113.0,-491.0,-1405.0,,,-3749.0,15.0
京都,10,10,イミュータブル,バゴ,-7.0,349.0,-703.0,410.0,-598.0,-965.0,,,-1514.0,13.0
京都,10,11,ヒルノドゴール,アニマルキングダム,952.0,1637.0,536.0,0.0,-634.0,2169.0,-674.0,,3986.0,8.0
京都,10,12,ルディック,Into Mischief,-93.0,421.0,944.0,-160.0,1081.0,118.0,,,2311.0,10.0
京都,10,13,メイショウヤーキス,シニスターミニスター,1989.0,2445.0,6646.0,-465.0,2149.0,5699.0,,,18463.0,1.0
京都,10,14,ゼットエール,サンダースノー,-510.0,1139.0,3648.0,285.0,2727.0,2869.0,,,10158.0,6.0
京都,10,15,メイショウタイゲイ,アジアエクスプレス,559.0,2004.0,1453.0,2052.0,869.0,1475.0,229.0,,8641.0,7.0
京都,10,16,ウナギノボリ,ドレフォン,1753.0,3237.0,5315.0,-526.0,2469.0,3246.0,2395.0,,17889.0,2.0
京都,11,1,ウェイビー,サトノアラジン,142.0,-158.0,-149.0,-624.0,-277.0,-1019.0,1081.0,,-1004.0,3.0
京都,11,2,ブレイヴロッカー,ドゥラメンテ,-1416.0,-137.0,-1443.0,-4534.0,930.0,-2501.0,-1889.0,,-10990.0,7.0
京都,11,3,アスクドゥポルテ,ハービンジャー,-333.0,110.0,-1765.0,-2451.0,-251.0,-403.0,360.0,,-4733.0,6.0
京都,11,4,メイショウブレゲ,ゴールドシップ,584.0,469.0,-664.0,-774.0,298.0,-1154.0,-697.0,,-1938.0,4.0
京都,11,5,アクアヴァーナル,エピファネイア,-570.0,-799.0,-3133.0,-4519.0,-1068.0,-4432.0,-2285.0,,-16806.0,8.0
京都,11,6,ダンディズム,マンハッタンカフェ,,,,,,,,,,
京都,11,7,ミクソロジー,オルフェーヴル,-157.0,-77.0,-238.0,175.0,331.0,614.0,282.0,,930.0,1.0
京都,11,8,ペプチドソレイユ,コパノリッキー,331.0,-9.0,748.0,-208.0,177.0,-1164.0,-732.0,,-857.0,2.0
京都,11,9,ヴォランテ,サトノクラウン,-417.0,-462.0,-1561.0,-946.0,1814.0,-755.0,,,-2327.0,5.0
京都,12,1,ロンティケチャップ,リーチザクラウン,343.0,-369.0,49.0,19.0,-52.0,49.0,-64.0,,-25.0,2.0
京都,12,2,リアルフォルゴーレ,ロジャーバローズ,1032.0,-1548.0,-68.0,-2516.0,-516.0,-2860.0,-464.0,,-6940.0,6.0
京都,12,3,ランスオブプライム,エピファネイア,-570.0,-7059.0,-3133.0,-4519.0,-2550.0,-4432.0,,,-22263.0,13.0
京都,12,4,ピエタンツァ,エピファネイア,-570.0,-7059.0,-3133.0,-2552.0,-2550.0,-4432.0,,,-20296.0,11.0
京都,12,5,サリーチェ,ドゥラメンテ,-1416.0,-2106.0,-1443.0,-518.0,-2917.0,-2501.0,-1889.0,,-12790.0,8.0
京都,12,6,メイショウタクボク,モーリス,288.0,-2563.0,-1842.0,-1986.0,-2479.0,-4301.0,-598.0,,-13481.0,9.0
京都,12,7,ベイリークロア,エピファネイア,-570.0,-7059.0,-3133.0,-2552.0,-2550.0,-4432.0,-2285.0,,-22581.0,14.0
京都,12,8,ムーンライトラガー,オルフェーヴル,-157.0,116.0,-238.0,-62.0,-1175.0,614.0,,,-902.0,3.0
京都,12,9,ニシノイツキムスメ,レイデオロ,-827.0,49.0,3468.0,546.0,1962.0,-234.0,,,4964.0,1.0
京都,12,10,レッドフェルメール,エピファネイア,-570.0,-7059.0,-3133.0,-2552.0,-2550.0,-4432.0,,,-20296.0,11.0
京都,12,11,サンタンカ,モーリス,288.0,-2563.0,-1842.0,-1526.0,-2479.0,-4301.0,451.0,,-11972.0,7.0
京都,12,12,テンクウハット,モーリス,288.0,-2563.0,-1842.0,-1986.0,-2479.0,-4301.0,-598.0,,-13481.0,9.0
京都,12,13,ビーグラッド,エピファネイア,-570.0,-7059.0,-3133.0,-4519.0,-2550.0,-4432.0,-2285.0,,-24548.0,15.0
京都,12,14,カウンティフェア,サートゥルナーリア,338.0,-923.0,28.0,,685.0,-2661.0,,,-2533.0,5.0
京都,12,15,ショウナンラウール,ショウナンバッハ,-156.0,-770.0,-66.0,,203.0,-469.0,,,-1258.0,4.0
