日付,場所,レース名,クラス名,馬番,馬名,種牡馬,年齢,騎手,距離,馬場状態,前距離,複勝オッズ下限,複勝オッズ上限,複勝配当,コース区分,距離区分,道悪判定,距離変遷,回り,馬齢,補正配当_0.94-1.65,補正配当_0.94-1.7,補正配当_0.94-1.75,補正配当_0.945-1.65,補正配当_0.945-1.7,補正配当_0.945-1.75,補正配当_0.95-1.65,補正配当_0.95-1.7,補正配当_0.95-1.75,賭け金,補正払戻_0.94-1.65,補正払戻_0.94-1.7,補正払戻_0.94-1.75,補正払戻_0.945-1.65,補正払戻_0.945-1.7,補正払戻_0.945-1.75,補正払戻_0.95-1.65,補正払戻_0.95-1.7,補正払戻_0.95-1.75
2022-12-28,中山,ホープフG1,重賞,12,モンドプリューム,サトノダイヤモンド,2,横山和生,2000,良,1800.0,58.0,87.2,0.0,芝,中距離,,距離延長,右回り,2歳,0.0,0.0,0.0,0.0,0.0,0.0,0.0,0.0,0.0,100.0,0.0,0.0,0.0,0.0,0.0,0.0,0.0,0.0,0.0
2022-12-28,中山,ベストウ･2勝,自己条件,6,メサテソーロ,Midnight Lute,5,横山和生,1200,良,1200.0,1.6,2.4,0.0,ダート,短距離,,,右回り,5歳以上,0.0,0.0,0.0,0.0,0.0,0.0,0.0,0.0,0.0,3600.0,0.0,0.0,0.0,0.0,0.0,0.0,0.0,0.0,0.0
2022-12-28,中山,未勝利*,未勝利,7,テイエムスイスイ,メイショウボーラー,2,横山和生,1200,良,1200.0,1.1,1.4,0.0,ダート,短距離,,,右回り,2歳,0.0,0.0,0.0,0.0,0.0,0.0,0.0,0.0,0.0,5300.0,0.0,0.0,0.0,0.0,0.0,0.0,0.0,0.0,0.0
2022-12-25,中山,有馬記念G1,重賞,13,タイトルホルダー,ドゥラメンテ,4,横山和生,2500,良,2400.0,1.4,2.0,0.0,芝,長距離,,距離延長,右回り,4歳,0.0,0.0,0.0,0.0,0.0,0.0,0.0,0.0,0.0,4100.0,0.0,0.0,0.0,0.0,0.0,0.0,0.0,0.0,0.0
2022-12-25,中山,フェアウ･3勝,自己条件,5,リンカーンテソーロ,Carpe Diem,4,横山和生,1200,稍,1300.0,2.0,2.9,0.0,ダート,短距離,ダ道悪,距離短縮,右回り,4歳,0.0,0.0,0.0,0.0,0.0,0.0,0.0,0.0,0.0,2900.0,0.0,0.0,0.0,0.0,0.0,0.0,0.0,0.0,0.0
2022-12-25,中山,グッドＨ･2勝,自己条件,12,アケルナルスター,トーセンラー,3,横山和生,2500,良,2000.0,3.6,5.9,580.0,芝,長距離,,距離延長,右回り,3歳,580.0,580.0,580.0,580.0,580.0,580.0,580.0,580.0,580.0,1600.0,9280.0,9280.0,9280.0,9280.0,9280.0,9280.0,9280.0,9280.0,9280.0
2022-12-25,中山,１勝ｸﾗｽ,自己条件,6,カイザーレオン,マクフィ,3,横山和生,1800,稍,1700.0,1.9,2.8,0.0,ダート,中距離,ダ道悪,距離延長,右回り,3歳,0.0,0.0,0.0,0.0,0.0,0.0,0.0,0.0,0.0,3100.0,0.0,0.0,0.0,0.0,0.0,0.0,0.0,0.0,0.0
2022-12-25,中山,新馬,新馬,15,サンエスペランス,レーヴミストラル,2,横山和生,1600,良,,11.4,32.7,0.0,芝,短距離,,,右回り,2歳,0.0,0.0,0.0,0.0,0.0,0.0,0.0,0.0,0.0,500.0,0.0,0.0,0.0,0.0,0.0,0.0,0.0,0.0,0.0
2022-12-24,阪神,１勝ｸﾗｽ,自己条件,5,マテンロウアレス,ダイワメジャー,4,横山和生,2400,良,1800.0,1.5,4.6,0.0,芝,長距離,,距離延長,右回り,4歳,0.0,0.0,0.0,0.0,0.0,0.0,0.0,0.0,0.0,3900.0,0.0,0.0,0.0,0.0,0.0,0.0,0.0,0.0,0.0
2022-12-24,阪神,摩耶ＳＨ･3勝,自己条件,6,ドライゼ,Gun Runner,3,横山和生,1800,稍,1800.0,1.5,2.2,0.0,ダート,中距離,ダ道悪,,右回り,3歳,0.0,0.0,0.0,0.0,0.0,0.0,0.0,0.0,0.0,3900.0,0.0,0.0,0.0,0.0,0.0,0.0,0.0,0.0,0.0
2022-12-24,阪神,未勝利*,未勝利,15,スペキオサレジーナ,ルーラーシップ,2,横山和生,1200,稍,2000.0,4.3,7.9,520.0,ダート,短距離,ダ道悪,距離短縮,右回り,2歳,520.0,520.0,520.0,520.0,520.0,520.0,520.0,520.0,520.0,1300.0,6760.0,6760.0,6760.0,6760.0,6760.0,6760.0,6760.0,6760.0,6760.0
2022-12-18,中京,尾張特別･2勝,自己条件,5,ダイム,オルフェーヴル,3,横山和生,2200,良,1800.0,1.4,2.7,0.0,芝,中距離,,距離延長,左回り,3歳,0.0,0.0,0.0,0.0,0.0,0.0,0.0,0.0,0.0,4100.0,0.0,0.0,0.0,0.0,0.0,0.0,0.0,0.0,0.0
2022-12-18,中京,コールド,OP,3,タイセイサムソン,メイショウサムソン,4,横山和生,1400,良,1400.0,1.2,1.4,120.0,ダート,短距離,,,左回り,4歳,112.8,112.8,112.8,113.4,113.4,113.4,114.0,114.0,114.0,4800.0,5414.4,5414.4,5414.4,5443.2,5443.2,5443.2,5472.0,5472.0,5472.0
2022-12-18,中京,寒椿賞･1勝*,自己条件,2,ゴッドセンド,アジアエクスプレス,2,横山和生,1400,良,1200.0,6.7,10.0,0.0,ダート,短距離,,距離延長,左回り,2歳,0.0,0.0,0.0,0.0,0.0,0.0,0.0,0.0,0.0,900.0,0.0,0.0,0.0,0.0,0.0,0.0,0.0,0.0,0.0
2022-12-18,中京,１勝ｸﾗｽ,自己条件,5,オーソレミオ,ディープインパクト,3,横山和生,1600,良,1800.0,1.3,2.1,160.0,芝,短距離,,距離短縮,左回り,3歳,150.4,150.4,150.4,151.2,151.2,151.2,152.0,152.0,152.0,4500.0,6768.0,6768.0,6768.0,6804.0,6804.0,6804.0,6840.0,6840.0,6840.0
2022-12-18,中京,未勝利*,未勝利,5,ハンマ,マクフィ,2,横山和生,2000,良,2000.0,8.9,14.7,0.0,芝,中距離,,,左回り,2歳,0.0,0.0,0.0,0.0,0.0,0.0,0.0,0.0,0.0,700.0,0.0,0.0,0.0,0.0,0.0,0.0,0.0,0.0,0.0
2022-12-17,中山,ひいらぎ･1勝,自己条件,7,メリオルヴィータ,ダイワメジャー,2,横山和生,1600,良,1600.0,6.3,11.0,0.0,芝,短距離,,,右回り,2歳,0.0,0.0,0.0,0.0,0.0,0.0,0.0,0.0,0.0,900.0,0.0,0.0,0.0,0.0,0.0,0.0,0.0,0.0,0.0
2022-12-17,中山,１勝ｸﾗｽ,自己条件,7,クィーンアドバンス,キンシャサノキセキ,5,横山和生,1200,良,1200.0,8.3,13.1,0.0,ダート,短距離,,,右回り,5歳以上,0.0,0.0,0.0,0.0,0.0,0.0,0.0,0.0,0.0,700.0,0.0,0.0,0.0,0.0,0.0,0.0,0.0,0.0,0.0
2022-12-17,中山,未勝利*,未勝利,10,ロンギングタイム,ハーツクライ,2,横山和生,2000,良,2000.0,8.0,14.0,990.0,芝,中距離,,,右回り,2歳,990.0,990.0,990.0,990.0,990.0,990.0,990.0,990.0,990.0,700.0,6930.0,6930.0,6930.0,6930.0,6930.0,6930.0,6930.0,6930.0,6930.0
2022-12-17,中山,新馬・牝,新馬,10,アフトクラーティラ,ロードカナロア,2,横山和生,1800,良,,1.3,1.7,140.0,ダート,中距離,,,右回り,2歳,131.6,131.6,131.6,132.3,132.3,132.3,133.0,133.0,133.0,4500.0,5922.0,5922.0,5922.0,5953.5,5953.5,5953.5,5985.0,5985.0,5985.0
2022-12-17,中山,未勝利・牝*,未勝利,13,サクラトップクリス,エピファネイア,2,横山和生,1800,良,1400.0,3.2,4.7,0.0,ダート,中距離,,距離延長,右回り,2歳,0.0,0.0,0.0,0.0,0.0,0.0,0.0,0.0,0.0,1800.0,0.0,0.0,0.0,0.0,0.0,0.0,0.0,0.0,0.0
2022-12-11,阪神,夙川特別･2勝,自己条件,3,ノボベルサイユ,リオンディーズ,4,横山和生,1200,良,1400.0,13.7,20.9,0.0,ダート,短距離,,距離短縮,右回り,4歳,0.0,0.0,0.0,0.0,0.0,0.0,0.0,0.0,0.0,400.0,0.0,0.0,0.0,0.0,0.0,0.0,0.0,0.0,0.0
2022-12-11,阪神,阪神ジュG1,重賞,1,サンティーテソーロ,エピファネイア,2,横山和生,1600,良,1600.0,2.6,3.9,0.0,芝,短距離,,,右回り,2歳,0.0,0.0,0.0,0.0,0.0,0.0,0.0,0.0,0.0,2200.0,0.0,0.0,0.0,0.0,0.0,0.0,0.0,0.0,0.0
2022-12-11,阪神,オリオン･3勝,自己条件,1,ボーンジーニアス,ナカヤマフェスタ,4,横山和生,2200,良,2400.0,7.8,10.7,0.0,芝,中距離,,距離短縮,右回り,4歳,0.0,0.0,0.0,0.0,0.0,0.0,0.0,0.0,0.0,700.0,0.0,0.0,0.0,0.0,0.0,0.0,0.0,0.0,0.0
2022-12-11,阪神,１勝ｸﾗｽ,自己条件,1,ガレス,マクフィ,4,横山和生,1800,良,1400.0,4.2,7.7,0.0,ダート,中距離,,距離延長,右回り,4歳,0.0,0.0,0.0,0.0,0.0,0.0,0.0,0.0,0.0,1400.0,0.0,0.0,0.0,0.0,0.0,0.0,0.0,0.0,0.0
2022-12-11,阪神,新馬,新馬,9,サウンドズーム,サトノダイヤモンド,2,横山和生,1600,良,,4.7,6.9,0.0,芝,短距離,,,右回り,2歳,0.0,0.0,0.0,0.0,0.0,0.0,0.0,0.0,0.0,1200.0,0.0,0.0,0.0,0.0,0.0,0.0,0.0,0.0,0.0
2022-12-11,阪神,新馬,新馬,4,ペプチドソレイユ,コパノリッキー,2,横山和生,1800,良,,1.3,1.6,160.0,ダート,中距離,,,右回り,2歳,150.4,150.4,150.4,151.2,151.2,151.2,152.0,152.0,152.0,4500.0,6768.0,6768.0,6768.0,6804.0,6804.0,6804.0,6840.0,6840.0,6840.0
2022-12-11,阪神,未勝利*,未勝利,3,ウインルーティン,ゴールドシップ,2,横山和生,1800,良,1800.0,10.2,21.9,1020.0,芝,中距離,,,右回り,2歳,1020.0,1020.0,1020.0,1020.0,1020.0,1020.0,1020.0,1020.0,1020.0,600.0,6120.0,6120.0,6120.0,6120.0,6120.0,6120.0,6120.0,6120.0,6120.0
2022-12-10,中山,２勝ｸﾗｽ・牝,自己条件,5,ルージュメサージュ,スピルバーグ,4,横山和生,2000,良,2000.0,1.8,2.4,220.0,芝,中距離,,,右回り,4歳,220.0,220.0,220.0,220.0,220.0,220.0,220.0,220.0,220.0,3200.0,7040.0,7040.0,7040.0,7040.0,7040.0,7040.0,7040.0,7040.0,7040.0
2022-12-10,中山,１勝ｸﾗｽ,自己条件,11,フォーワンセルフ,パイロ,3,横山和生,1800,良,1800.0,1.7,2.4,170.0,ダート,中距離,,,右回り,3歳,159.8,159.8,159.8,160.65,160.65,160.65,161.5,161.5,161.5,3400.0,5433.2,5433.2,5433.2,5462.1,5462.1,5462.1,5491.0,5491.0,5491.0
2022-12-10,中山,１勝ｸﾗｽ,自己条件,5,ソバナ,ドゥラメンテ,3,横山和生,1800,良,1600.0,7.1,10.1,810.0,芝,中距離,,距離延長,右回り,3歳,810.0,810.0,810.0,810.0,810.0,810.0,810.0,810.0,810.0,800.0,6480.0,6480.0,6480.0,6480.0,6480.0,6480.0,6480.0,6480.0,6480.0
2022-12-10,中山,新馬,新馬,15,パープルアドミラル,シビルウォー,2,横山和生,1800,稍,,7.0,19.8,0.0,ダート,中距離,ダ道悪,,右回り,2歳,0.0,0.0,0.0,0.0,0.0,0.0,0.0,0.0,0.0,800.0,0.0,0.0,0.0,0.0,0.0,0.0,0.0,0.0,0.0
2022-12-10,中山,新馬,新馬,4,ホウオウビスケッツ,マインドユアビスケッツ,2,横山和生,1600,良,,1.8,3.2,180.0,芝,短距離,,,右回り,2歳,169.2,169.2,169.2,170.1,170.1,170.1,171.0,171.0,171.0,3200.0,5414.4,5414.4,5414.4,5443.2,5443.2,5443.2,5472.0,5472.0,5472.0
2022-12-10,中山,未勝利*,未勝利,15,リーア,ラブリーデイ,2,横山和生,1800,稍,1600.0,3.7,5.4,0.0,ダート,中距離,ダ道悪,距離延長,右回り,2歳,0.0,0.0,0.0,0.0,0.0,0.0,0.0,0.0,0.0,1600.0,0.0,0.0,0.0,0.0,0.0,0.0,0.0,0.0,0.0
2022-12-10,中山,未勝利・牝*,未勝利,11,テイエムスイスイ,メイショウボーラー,2,横山和生,1200,稍,1300.0,1.3,1.6,130.0,ダート,短距離,ダ道悪,距離短縮,右回り,2歳,122.2,122.2,122.2,122.85,122.85,122.85,123.5,123.5,123.5,4500.0,5499.0,5499.0,5499.0,5528.25,5528.25,5528.25,5557.5,5557.5,5557.5
2022-12-04,中山,２勝ｸﾗｽ,自己条件,10,パワーブローキング,アメリカンペイトリオット,3,横山和生,1800,良,1800.0,1.3,1.6,0.0,ダート,中距離,,,右回り,3歳,0.0,0.0,0.0,0.0,0.0,0.0,0.0,0.0,0.0,4500.0,0.0,0.0,0.0,0.0,0.0,0.0,0.0,0.0,0.0
2022-12-04,中山,１勝ｸﾗｽ*,自己条件,2,エリカキルシェ,マインドユアビスケッツ,2,横山和生,1200,良,1200.0,9.2,29.4,0.0,ダート,短距離,,,右回り,2歳,0.0,0.0,0.0,0.0,0.0,0.0,0.0,0.0,0.0,600.0,0.0,0.0,0.0,0.0,0.0,0.0,0.0,0.0,0.0
2022-12-04,中山,新馬,新馬,5,マーゴットミニモ,サトノダイヤモンド,2,横山和生,2000,良,,3.8,5.5,390.0,芝,中距離,,,右回り,2歳,390.0,390.0,390.0,390.0,390.0,390.0,390.0,390.0,390.0,1500.0,5850.0,5850.0,5850.0,5850.0,5850.0,5850.0,5850.0,5850.0,5850.0
2022-12-03,中山,２勝ｸﾗｽ,自己条件,9,ミッキーハーモニー,キタサンブラック,3,横山和生,1200,良,1200.0,1.3,1.6,140.0,芝,短距離,,,右回り,3歳,131.6,131.6,131.6,132.3,132.3,132.3,133.0,133.0,133.0,4500.0,5922.0,5922.0,5922.0,5953.5,5953.5,5953.5,5985.0,5985.0,5985.0
2022-12-03,中山,鹿島特別･2勝,自己条件,4,メサテソーロ,Midnight Lute,5,横山和生,1200,良,1000.0,8.1,46.8,810.0,ダート,短距離,,距離延長,右回り,5歳以上,810.0,810.0,810.0,810.0,810.0,810.0,810.0,810.0,810.0,700.0,5670.0,5670.0,5670.0,5670.0,5670.0,5670.0,5670.0,5670.0,5670.0
2022-12-03,中山,新馬,新馬,13,グリューンヴァルト,モンテロッソ,2,横山和生,1200,良,,10.2,16.0,0.0,ダート,短距離,,,右回り,2歳,0.0,0.0,0.0,0.0,0.0,0.0,0.0,0.0,0.0,600.0,0.0,0.0,0.0,0.0,0.0,0.0,0.0,0.0,0.0
2022-12-03,中山,未勝利*,未勝利,7,ポンサン,カレンブラックヒル,2,横山和生,1800,稍,1600.0,15.1,27.4,0.0,ダート,中距離,ダ道悪,距離延長,右回り,2歳,0.0,0.0,0.0,0.0,0.0,0.0,0.0,0.0,0.0,400.0,0.0,0.0,0.0,0.0,0.0,0.0,0.0,0.0,0.0
2022-11-27,阪神,京阪杯G3,重賞,13,ジュビリーヘッド,ロードカナロア,5,横山和生,1200,良,1200.0,2.8,3.9,0.0,芝,短距離,,,右回り,5歳以上,0.0,0.0,0.0,0.0,0.0,0.0,0.0,0.0,0.0,2100.0,0.0,0.0,0.0,0.0,0.0,0.0,0.0,0.0,0.0
2022-11-27,阪神,カノープＨ,OP,3,ウシュバテソーロ,オルフェーヴル,5,横山和生,2000,稍,2100.0,1.3,1.6,140.0,ダート,中距離,ダ道悪,距離短縮,右回り,5歳以上,131.6,131.6,131.6,132.3,132.3,132.3,133.0,133.0,133.0,4500.0,5922.0,5922.0,5922.0,5953.5,5953.5,5953.5,5985.0,5985.0,5985.0
2022-11-27,阪神,新馬,新馬,5,イングランドアイズ,Kingman,2,横山和生,2000,良,,2.3,4.1,280.0,芝,中距離,,,右回り,2歳,280.0,280.0,280.0,280.0,280.0,280.0,280.0,280.0,280.0,2500.0,7000.0,7000.0,7000.0,7000.0,7000.0,7000.0,7000.0,7000.0,7000.0
2022-11-27,阪神,未勝利*,未勝利,11,アンジェリカル,ドゥラメンテ,2,横山和生,1800,稍,2000.0,1.3,1.9,0.0,ダート,中距離,ダ道悪,距離短縮,右回り,2歳,0.0,0.0,0.0,0.0,0.0,0.0,0.0,0.0,0.0,4500.0,0.0,0.0,0.0,0.0,0.0,0.0,0.0,0.0,0.0
2022-11-26,東京,キャピタ(L),OP,9,ソリタリオ,モーリス,3,横山和生,1600,良,1800.0,6.2,8.6,0.0,芝,短距離,,距離短縮,左回り,3歳,0.0,0.0,0.0,0.0,0.0,0.0,0.0,0.0,0.0,900.0,0.0,0.0,0.0,0.0,0.0,0.0,0.0,0.0,0.0
2022-11-26,東京,カトレア,OP,7,ミラーオブマインド,マインドユアビスケッツ,2,横山和生,1600,稍,1700.0,1.4,2.1,170.0,ダート,短距離,ダ道悪,距離短縮,左回り,2歳,159.8,159.8,159.8,160.65,160.65,160.65,161.5,161.5,161.5,4100.0,6551.8,6551.8,6551.8,6586.65,6586.65,6586.65,6621.5,6621.5,6621.5
2022-11-26,東京,新馬,新馬,1,リッキーマキアート,コパノリッキー,2,横山和生,1600,稍,,6.8,14.1,0.0,ダート,短距離,ダ道悪,,左回り,2歳,0.0,0.0,0.0,0.0,0.0,0.0,0.0,0.0,0.0,900.0,0.0,0.0,0.0,0.0,0.0,0.0,0.0,0.0,0.0
2022-11-26,東京,未勝利*,未勝利,16,ショウナンアキーム,モーリス,2,横山和生,1800,良,1400.0,6.2,11.2,0.0,芝,中距離,,距離延長,左回り,2歳,0.0,0.0,0.0,0.0,0.0,0.0,0.0,0.0,0.0,900.0,0.0,0.0,0.0,0.0,0.0,0.0,0.0,0.0,0.0
2022-11-26,東京,未勝利*,未勝利,5,ショウナンガチャ,エピファネイア,2,横山和生,1600,稍,1600.0,12.3,24.2,0.0,ダート,短距離,ダ道悪,,左回り,2歳,0.0,0.0,0.0,0.0,0.0,0.0,0.0,0.0,0.0,500.0,0.0,0.0,0.0,0.0,0.0,0.0,0.0,0.0,0.0
2022-11-20,福島,福島民友(L),OP,5,サンライズウルス,ヘニーヒューズ,4,横山和生,1700,良,1800.0,1.3,1.6,150.0,ダート,中距離,,距離短縮,右回り,4歳,141.0,141.0,141.0,141.75,141.75,141.75,142.5,142.5,142.5,4500.0,6345.0,6345.0,6345.0,6378.75,6378.75,6378.75,6412.5,6412.5,6412.5
2022-11-20,福島,五色沼特･2勝,自己条件,10,ダイム,オルフェーヴル,3,横山和生,1800,良,1800.0,1.3,1.7,140.0,芝,中距離,,,右回り,3歳,131.6,131.6,131.6,132.3,132.3,132.3,133.0,133.0,133.0,4500.0,5922.0,5922.0,5922.0,5953.5,5953.5,5953.5,5985.0,5985.0,5985.0
2022-11-20,福島,１勝ｸﾗｽ・牝,自己条件,2,オーソレミオ,ディープインパクト,3,横山和生,1800,良,1800.0,1.4,1.9,0.0,芝,中距離,,,右回り,3歳,0.0,0.0,0.0,0.0,0.0,0.0,0.0,0.0,0.0,4100.0,0.0,0.0,0.0,0.0,0.0,0.0,0.0,0.0,0.0
2022-11-20,福島,新馬,新馬,1,アスノヒロイン,ヴィクトワールピサ,2,横山和生,1700,良,,8.7,14.7,0.0,ダート,中距離,,,右回り,2歳,0.0,0.0,0.0,0.0,0.0,0.0,0.0,0.0,0.0,700.0,0.0,0.0,0.0,0.0,0.0,0.0,0.0,0.0,0.0
2022-11-19,東京,新馬・牝,新馬,6,スペルキャスター,ロードカナロア,2,横山和生,1600,良,,1.2,1.9,0.0,芝,短距離,,,左回り,2歳,0.0,0.0,0.0,0.0,0.0,0.0,0.0,0.0,0.0,4800.0,0.0,0.0,0.0,0.0,0.0,0.0,0.0,0.0,0.0
2022-11-19,東京,未勝利*,未勝利,15,テイエムスイスイ,メイショウボーラー,2,横山和生,1300,良,1300.0,1.3,2.6,0.0,ダート,短距離,,,左回り,2歳,0.0,0.0,0.0,0.0,0.0,0.0,0.0,0.0,0.0,4500.0,0.0,0.0,0.0,0.0,0.0,0.0,0.0,0.0,0.0
2022-11-13,阪神,エリザベG1,重賞,12,ルビーカサブランカ,キングカメハメハ,5,横山和生,2200,重,1800.0,10.5,14.5,0.0,芝,中距離,芝道悪,距離延長,右回り,5歳以上,0.0,0.0,0.0,0.0,0.0,0.0,0.0,0.0,0.0,600.0,0.0,0.0,0.0,0.0,0.0,0.0,0.0,0.0,0.0
2022-11-13,阪神,１勝ｸﾗｽ,自己条件,7,フォーワンセルフ,パイロ,3,横山和生,1800,稍,1600.0,2.3,3.7,0.0,ダート,中距離,ダ道悪,距離延長,右回り,3歳,0.0,0.0,0.0,0.0,0.0,0.0,0.0,0.0,0.0,2500.0,0.0,0.0,0.0,0.0,0.0,0.0,0.0,0.0,0.0
2022-11-13,阪神,未勝利・牝*,未勝利,10,ジューンオレンジ,ジャスタウェイ,2,横山和生,1600,稍,1400.0,3.2,4.7,0.0,芝,短距離,芝道悪,距離延長,右回り,2歳,0.0,0.0,0.0,0.0,0.0,0.0,0.0,0.0,0.0,1800.0,0.0,0.0,0.0,0.0,0.0,0.0,0.0,0.0,0.0
2022-11-12,東京,オキザリ･1勝,自己条件,9,オメガシンフォニー,ヘニーヒューズ,2,横山和生,1400,良,1200.0,1.6,2.5,160.0,ダート,短距離,,距離延長,左回り,2歳,150.4,150.4,150.4,151.2,151.2,151.2,152.0,152.0,152.0,3600.0,5414.4,5414.4,5414.4,5443.2,5443.2,5443.2,5472.0,5472.0,5472.0
2022-11-12,東京,１勝ｸﾗｽ,自己条件,4,テンナイトパール,ゴールドアリュール,6,横山和生,2100,良,1800.0,15.0,26.9,0.0,ダート,中距離,,距離延長,左回り,5歳以上,0.0,0.0,0.0,0.0,0.0,0.0,0.0,0.0,0.0,400.0,0.0,0.0,0.0,0.0,0.0,0.0,0.0,0.0,0.0
2022-11-12,東京,新馬,新馬,10,オメガキャプテン,ヴィクトワールピサ,2,横山和生,1600,良,,1.5,2.4,0.0,ダート,短距離,,,左回り,2歳,0.0,0.0,0.0,0.0,0.0,0.0,0.0,0.0,0.0,3900.0,0.0,0.0,0.0,0.0,0.0,0.0,0.0,0.0,0.0
2022-11-12,東京,未勝利*,未勝利,6,コンスピキュアス,エピファネイア,2,横山和生,1600,良,1400.0,2.0,4.2,0.0,芝,短距離,,距離延長,左回り,2歳,0.0,0.0,0.0,0.0,0.0,0.0,0.0,0.0,0.0,2900.0,0.0,0.0,0.0,0.0,0.0,0.0,0.0,0.0,0.0
2022-11-12,東京,未勝利・牝*,未勝利,10,リーア,ラブリーデイ,2,横山和生,1600,良,1600.0,9.8,17.4,0.0,ダート,短距離,,,左回り,2歳,0.0,0.0,0.0,0.0,0.0,0.0,0.0,0.0,0.0,600.0,0.0,0.0,0.0,0.0,0.0,0.0,0.0,0.0,0.0
2022-11-06,阪神,みやこＳG3,重賞,3,オメガパフューム,スウェプトオーヴァーボード,7,横山和生,1800,良,2000.0,1.4,1.8,160.0,ダート,中距離,,距離短縮,右回り,5歳以上,150.4,150.4,150.4,151.2,151.2,151.2,152.0,152.0,152.0,4100.0,6166.4,6166.4,6166.4,6199.2,6199.2,6199.2,6232.0,6232.0,6232.0
2022-11-06,阪神,道頓堀Ｓ･3勝,自己条件,8,オメガラヴィサン,ロードカナロア,7,横山和生,1200,良,1200.0,1.6,2.2,0.0,芝,短距離,,,右回り,5歳以上,0.0,0.0,0.0,0.0,0.0,0.0,0.0,0.0,0.0,3600.0,0.0,0.0,0.0,0.0,0.0,0.0,0.0,0.0,0.0
2022-11-06,阪神,１勝ｸﾗｽ,自己条件,4,パーティーベル,ハービンジャー,3,横山和生,1800,良,1700.0,1.5,2.3,170.0,ダート,中距離,,距離延長,右回り,3歳,159.8,159.8,159.8,160.65,160.65,160.65,161.5,161.5,161.5,3900.0,6232.2,6232.2,6232.2,6265.35,6265.35,6265.35,6298.5,6298.5,6298.5
2022-11-06,阪神,未勝利*,未勝利,4,ハンマ,マクフィ,2,横山和生,1400,良,1800.0,11.6,25.3,0.0,ダート,短距離,,距離短縮,右回り,2歳,0.0,0.0,0.0,0.0,0.0,0.0,0.0,0.0,0.0,500.0,0.0,0.0,0.0,0.0,0.0,0.0,0.0,0.0,0.0
2022-11-05,東京,２勝ｸﾗｽ,自己条件,5,トーセンメラニー,ヴィクトワールピサ,4,横山和生,2000,良,1800.0,5.5,21.1,550.0,芝,中距離,,距離延長,左回り,4歳,550.0,550.0,550.0,550.0,550.0,550.0,550.0,550.0,550.0,1100.0,6050.0,6050.0,6050.0,6050.0,6050.0,6050.0,6050.0,6050.0,6050.0
2022-11-05,東京,京王杯２G2,重賞,3,サイモンオリーブ,ダイワメジャー,2,横山和生,1400,良,1400.0,11.4,18.6,0.0,芝,短距離,,,左回り,2歳,0.0,0.0,0.0,0.0,0.0,0.0,0.0,0.0,0.0,500.0,0.0,0.0,0.0,0.0,0.0,0.0,0.0,0.0,0.0
2022-11-05,東京,１勝ｸﾗｽ,自己条件,1,キャロライナリーパ,ディープブリランテ,4,横山和生,1300,良,1400.0,2.9,3.9,0.0,ダート,短距離,,距離短縮,左回り,4歳,0.0,0.0,0.0,0.0,0.0,0.0,0.0,0.0,0.0,2000.0,0.0,0.0,0.0,0.0,0.0,0.0,0.0,0.0,0.0
2022-11-05,東京,新馬,新馬,16,オメガタキシード,ハービンジャー,2,横山和生,1600,良,,2.0,3.1,250.0,ダート,短距離,,,左回り,2歳,250.0,250.0,250.0,250.0,250.0,250.0,250.0,250.0,250.0,2900.0,7250.0,7250.0,7250.0,7250.0,7250.0,7250.0,7250.0,7250.0,7250.0
2022-10-30,東京,秋嶺Ｓ･3勝,自己条件,9,リンカーンテソーロ,Carpe Diem,4,横山和生,1300,良,1200.0,4.2,7.3,0.0,ダート,短距離,,距離延長,左回り,4歳,0.0,0.0,0.0,0.0,0.0,0.0,0.0,0.0,0.0,1400.0,0.0,0.0,0.0,0.0,0.0,0.0,0.0,0.0,0.0
2022-10-30,東京,天皇賞秋G1,重賞,11,レッドガラン,ロードカナロア,7,横山和生,2000,良,2400.0,36.1,64.5,0.0,芝,中距離,,距離短縮,左回り,5歳以上,0.0,0.0,0.0,0.0,0.0,0.0,0.0,0.0,0.0,200.0,0.0,0.0,0.0,0.0,0.0,0.0,0.0,0.0,0.0
2022-10-30,東京,ペルセウＨ,OP,10,タイセイサムソン,メイショウサムソン,4,横山和生,1400,良,1400.0,1.3,3.5,140.0,ダート,短距離,,,左回り,4歳,131.6,131.6,131.6,132.3,132.3,132.3,133.0,133.0,133.0,4500.0,5922.0,5922.0,5922.0,5953.5,5953.5,5953.5,5985.0,5985.0,5985.0
2022-10-30,東京,本栖湖特･2勝,自己条件,4,ポッドヴァイン,ジャングルポケット,3,横山和生,2400,良,1800.0,6.6,10.4,0.0,芝,長距離,,距離延長,左回り,3歳,0.0,0.0,0.0,0.0,0.0,0.0,0.0,0.0,0.0,900.0,0.0,0.0,0.0,0.0,0.0,0.0,0.0,0.0,0.0
2022-10-30,東京,新馬,新馬,13,グレイトインディ,レーヴミストラル,2,横山和生,1800,良,,19.0,30.5,0.0,芝,中距離,,,左回り,2歳,0.0,0.0,0.0,0.0,0.0,0.0,0.0,0.0,0.0,300.0,0.0,0.0,0.0,0.0,0.0,0.0,0.0,0.0,0.0
2022-10-30,東京,新馬,新馬,2,トーアタンガロア,トランセンド,2,横山和生,1600,良,,2.8,5.0,0.0,ダート,短距離,,,左回り,2歳,0.0,0.0,0.0,0.0,0.0,0.0,0.0,0.0,0.0,2100.0,0.0,0.0,0.0,0.0,0.0,0.0,0.0,0.0,0.0
2022-10-30,東京,未勝利*,未勝利,5,ウィンターダフネ,ブラックタイド,2,横山和生,1600,良,1600.0,1.1,1.2,110.0,芝,短距離,,,左回り,2歳,103.4,103.4,103.4,103.95,103.95,103.95,104.5,104.5,104.5,5300.0,5480.2,5480.2,5480.2,5509.35,5509.35,5509.35,5538.5,5538.5,5538.5
2022-10-29,阪神,スワンＳG2,重賞,2,ヴァトレニ,グラスワンダー,4,横山和生,1400,良,1200.0,4.6,6.1,0.0,芝,短距離,,距離延長,右回り,4歳,0.0,0.0,0.0,0.0,0.0,0.0,0.0,0.0,0.0,1300.0,0.0,0.0,0.0,0.0,0.0,0.0,0.0,0.0,0.0
2022-10-29,阪神,未勝利*,未勝利,7,レインメーカー,モーリス,2,横山和生,1800,良,1600.0,2.9,4.9,380.0,ダート,中距離,,距離延長,右回り,2歳,380.0,380.0,380.0,380.0,380.0,380.0,380.0,380.0,380.0,2000.0,7600.0,7600.0,7600.0,7600.0,7600.0,7600.0,7600.0,7600.0,7600.0
2022-10-23,阪神,菊花賞G1,重賞,13,ディナースタ,ドゥラメンテ,3,横山和生,3000,良,2600.0,4.5,7.2,0.0,芝,長距離,,距離延長,右回り,3歳,0.0,0.0,0.0,0.0,0.0,0.0,0.0,0.0,0.0,1300.0,0.0,0.0,0.0,0.0,0.0,0.0,0.0,0.0,0.0
2022-10-23,阪神,２勝ｸﾗｽ・牝,自己条件,15,ドライゼ,Gun Runner,3,横山和生,1800,良,1800.0,1.3,1.6,140.0,ダート,中距離,,,右回り,3歳,131.6,131.6,131.6,132.3,132.3,132.3,133.0,133.0,133.0,4500.0,5922.0,5922.0,5922.0,5953.5,5953.5,5953.5,5985.0,5985.0,5985.0
2022-10-23,阪神,未勝利*,未勝利,6,ハンマ,マクフィ,2,横山和生,1800,良,1800.0,3.5,5.7,0.0,ダート,中距離,,,右回り,2歳,0.0,0.0,0.0,0.0,0.0,0.0,0.0,0.0,0.0,1700.0,0.0,0.0,0.0,0.0,0.0,0.0,0.0,0.0,0.0
2022-10-22,東京,富士ＳG2,重賞,4,ルフトシュトローム,キンシャサノキセキ,5,横山和生,1600,良,1600.0,8.7,16.4,0.0,芝,短距離,,,左回り,5歳以上,0.0,0.0,0.0,0.0,0.0,0.0,0.0,0.0,0.0,700.0,0.0,0.0,0.0,0.0,0.0,0.0,0.0,0.0,0.0
2022-10-22,東京,１勝ｸﾗｽ,自己条件,8,フォーワンセルフ,パイロ,3,横山和生,1600,良,1700.0,1.4,1.8,140.0,ダート,短距離,,距離短縮,左回り,3歳,131.6,131.6,131.6,132.3,132.3,132.3,133.0,133.0,133.0,4100.0,5395.6,5395.6,5395.6,5424.3,5424.3,5424.3,5453.0,5453.0,5453.0
2022-10-15,東京,２勝ｸﾗｽ,自己条件,15,エイシンヌプリ,パイロ,3,横山和生,1300,稍,1400.0,10.2,14.5,0.0,ダート,短距離,ダ道悪,距離短縮,左回り,3歳,0.0,0.0,0.0,0.0,0.0,0.0,0.0,0.0,0.0,600.0,0.0,0.0,0.0,0.0,0.0,0.0,0.0,0.0,0.0
2022-10-15,東京,白秋Ｓ･3勝,自己条件,14,トーセンリスト,ノヴェリスト,6,横山和生,1400,良,1200.0,11.3,19.9,0.0,芝,短距離,,距離延長,左回り,5歳以上,0.0,0.0,0.0,0.0,0.0,0.0,0.0,0.0,0.0,500.0,0.0,0.0,0.0,0.0,0.0,0.0,0.0,0.0,0.0
2022-10-15,東京,１勝ｸﾗｽ,自己条件,11,ソバナ,ドゥラメンテ,3,横山和生,1600,良,1800.0,3.2,4.9,0.0,芝,短距離,,距離短縮,左回り,3歳,0.0,0.0,0.0,0.0,0.0,0.0,0.0,0.0,0.0,1800.0,0.0,0.0,0.0,0.0,0.0,0.0,0.0,0.0,0.0
2022-10-15,東京,１勝ｸﾗｽ,自己条件,7,トーセンインディゴ,ダイワメジャー,4,横山和生,1400,稍,1200.0,2.0,2.7,220.0,ダート,短距離,ダ道悪,距離延長,左回り,4歳,220.0,220.0,220.0,220.0,220.0,220.0,220.0,220.0,220.0,2900.0,6380.0,6380.0,6380.0,6380.0,6380.0,6380.0,6380.0,6380.0,6380.0
2022-10-10,東京,六社Ｓ･3勝,自己条件,6,パープルレディー,ディープインパクト,4,横山和生,2400,稍,1800.0,2.8,4.5,0.0,芝,長距離,芝道悪,距離延長,左回り,4歳,0.0,0.0,0.0,0.0,0.0,0.0,0.0,0.0,0.0,2100.0,0.0,0.0,0.0,0.0,0.0,0.0,0.0,0.0,0.0
2022-10-10,東京,昇仙峡Ｈ･2勝,自己条件,7,ディクテオン,キングカメハメハ,4,横山和生,2100,重,2000.0,1.8,2.4,190.0,ダート,中距離,ダ道悪,距離延長,左回り,4歳,178.6,178.6,178.6,179.55,179.55,179.55,180.5,180.5,180.5,3200.0,5715.2,5715.2,5715.2,5745.6,5745.6,5745.6,5776.0,5776.0,5776.0
2022-10-10,東京,１勝ｸﾗｽ,自己条件,6,オルテール,Snitzel,5,横山和生,1400,稍,1400.0,5.1,7.9,0.0,芝,短距離,芝道悪,,左回り,5歳以上,0.0,0.0,0.0,0.0,0.0,0.0,0.0,0.0,0.0,1100.0,0.0,0.0,0.0,0.0,0.0,0.0,0.0,0.0,0.0
2022-10-10,東京,新馬,新馬,15,キョウエイカンフ,アジアエクスプレス,2,横山和生,1400,重,,2.3,3.3,280.0,ダート,短距離,ダ道悪,,左回り,2歳,280.0,280.0,280.0,280.0,280.0,280.0,280.0,280.0,280.0,2500.0,7000.0,7000.0,7000.0,7000.0,7000.0,7000.0,7000.0,7000.0,7000.0
2022-10-10,東京,新馬,新馬,4,レインメーカー,モーリス,2,横山和生,1600,稍,,1.5,2.4,0.0,芝,短距離,芝道悪,,左回り,2歳,0.0,0.0,0.0,0.0,0.0,0.0,0.0,0.0,0.0,3900.0,0.0,0.0,0.0,0.0,0.0,0.0,0.0,0.0,0.0
2022-10-10,東京,未勝利・牝*,未勝利,11,ウィンターダフネ,ブラックタイド,2,横山和生,1600,稍,1600.0,4.3,8.0,430.0,芝,短距離,芝道悪,,左回り,2歳,430.0,430.0,430.0,430.0,430.0,430.0,430.0,430.0,430.0,1300.0,5590.0,5590.0,5590.0,5590.0,5590.0,5590.0,5590.0,5590.0,5590.0
2022-10-09,東京,三鷹特別･2勝,自己条件,5,アンクロワ,モーリス,3,横山和生,1400,良,1600.0,1.3,1.7,0.0,芝,短距離,,距離短縮,左回り,3歳,0.0,0.0,0.0,0.0,0.0,0.0,0.0,0.0,0.0,4500.0,0.0,0.0,0.0,0.0,0.0,0.0,0.0,0.0,0.0
2022-10-09,東京,１勝ｸﾗｽ・牝,自己条件,8,オーエンズテソーロ,ラブリーデイ,3,横山和生,1400,稍,1400.0,3.2,4.7,350.0,ダート,短距離,ダ道悪,,左回り,3歳,350.0,350.0,350.0,350.0,350.0,350.0,350.0,350.0,350.0,1800.0,6300.0,6300.0,6300.0,6300.0,6300.0,6300.0,6300.0,6300.0,6300.0
2022-10-09,東京,新馬,新馬,8,ロンギングタイム,ハーツクライ,2,横山和生,2000,良,,4.4,7.5,0.0,芝,中距離,,,左回り,2歳,0.0,0.0,0.0,0.0,0.0,0.0,0.0,0.0,0.0,1300.0,0.0,0.0,0.0,0.0,0.0,0.0,0.0,0.0,0.0
2022-10-08,東京,サウジアG3,重賞,7,ドルチェモア,ルーラーシップ,2,横山和生,1600,良,1500.0,1.4,4.1,390.0,芝,短距離,,距離延長,左回り,2歳,390.0,390.0,390.0,390.0,390.0,390.0,390.0,390.0,390.0,4100.0,15990.0,15990.0,15990.0,15990.0,15990.0,15990.0,15990.0,15990.0,15990.0
2022-10-08,東京,新馬・牝,新馬,14,パールテソーロ,キタサンブラック,2,横山和生,1600,良,,1.9,3.1,0.0,芝,短距離,,,左回り,2歳,0.0,0.0,0.0,0.0,0.0,0.0,0.0,0.0,0.0,3100.0,0.0,0.0,0.0,0.0,0.0,0.0,0.0,0.0,0.0
2022-10-08,東京,未勝利*,未勝利,15,トーセンドリフト,マクマホン,2,横山和生,1600,重,1800.0,1.9,3.0,0.0,ダート,短距離,ダ道悪,距離短縮,左回り,2歳,0.0,0.0,0.0,0.0,0.0,0.0,0.0,0.0,0.0,3100.0,0.0,0.0,0.0,0.0,0.0,0.0,0.0,0.0,0.0
2022-09-25,中山,１勝ｸﾗｽ,自己条件,5,トーセンインディゴ,ダイワメジャー,4,横山和生,1200,重,1400.0,2.8,14.2,0.0,ダート,短距離,ダ道悪,距離短縮,右回り,4歳,0.0,0.0,0.0,0.0,0.0,0.0,0.0,0.0,0.0,2100.0,0.0,0.0,0.0,0.0,0.0,0.0,0.0,0.0,0.0
2022-09-25,中山,新馬,新馬,1,エアアレクサンドラ,ドゥラメンテ,2,横山和生,2000,良,,3.1,5.2,0.0,芝,中距離,,,右回り,2歳,0.0,0.0,0.0,0.0,0.0,0.0,0.0,0.0,0.0,1900.0,0.0,0.0,0.0,0.0,0.0,0.0,0.0,0.0,0.0
2022-09-24,中山,２勝ｸﾗｽ・牝,自己条件,8,ドライゼ,Gun Runner,3,横山和生,1800,不,2100.0,1.7,2.4,190.0,ダート,中距離,ダ道悪,距離短縮,右回り,3歳,178.6,178.6,178.6,179.55,179.55,179.55,180.5,180.5,180.5,3400.0,6072.4,6072.4,6072.4,6104.7,6104.7,6104.7,6137.0,6137.0,6137.0
2022-09-24,中山,１勝ｸﾗｽ,自己条件,2,モンゴリアンキング,Kingman,3,横山和生,1800,不,2000.0,1.7,2.2,0.0,ダート,中距離,ダ道悪,距離短縮,右回り,3歳,0.0,0.0,0.0,0.0,0.0,0.0,0.0,0.0,0.0,3400.0,0.0,0.0,0.0,0.0,0.0,0.0,0.0,0.0,0.0
2022-09-24,中山,１勝ｸﾗｽ,自己条件,5,ミッキーハーモニー,キタサンブラック,3,横山和生,1200,不,1200.0,1.5,2.2,220.0,芝,短距離,芝道悪,,右回り,3歳,220.0,220.0,220.0,220.0,220.0,220.0,220.0,220.0,220.0,3900.0,8580.0,8580.0,8580.0,8580.0,8580.0,8580.0,8580.0,8580.0,8580.0
2022-09-24,中山,未勝利*,未勝利,3,セフィロ,イスラボニータ,2,横山和生,1600,不,1200.0,1.3,1.8,0.0,芝,短距離,芝道悪,距離延長,右回り,2歳,0.0,0.0,0.0,0.0,0.0,0.0,0.0,0.0,0.0,4500.0,0.0,0.0,0.0,0.0,0.0,0.0,0.0,0.0,0.0
2022-09-19,中山,セントラG2,重賞,2,ロンギングエーオ,スクリーンヒーロー,3,横山和生,2200,稍,2600.0,7.9,12.9,0.0,芝,中距離,芝道悪,距離短縮,右回り,3歳,0.0,0.0,0.0,0.0,0.0,0.0,0.0,0.0,0.0,700.0,0.0,0.0,0.0,0.0,0.0,0.0,0.0,0.0,0.0
2022-09-19,中山,１勝ｸﾗｽ,自己条件,7,パワーブローキング,アメリカンペイトリオット,3,横山和生,1800,重,1700.0,1.1,1.1,110.0,ダート,中距離,ダ道悪,距離延長,右回り,3歳,103.4,103.4,103.4,103.95,103.95,103.95,104.5,104.5,104.5,5300.0,5480.2,5480.2,5480.2,5509.35,5509.35,5509.35,5538.5,5538.5,5538.5
2022-09-11,中山,オータムＨG3,重賞,10,ルフトシュトローム,キンシャサノキセキ,5,横山和生,1600,良,1600.0,5.1,7.2,0.0,芝,短距離,,,右回り,5歳以上,0.0,0.0,0.0,0.0,0.0,0.0,0.0,0.0,0.0,1100.0,0.0,0.0,0.0,0.0,0.0,0.0,0.0,0.0,0.0
2022-09-11,中山,セプテン･3勝,自己条件,2,スイートクラウン,リーチザクラウン,4,横山和生,1200,良,1200.0,2.3,3.3,0.0,芝,短距離,,,右回り,4歳,0.0,0.0,0.0,0.0,0.0,0.0,0.0,0.0,0.0,2500.0,0.0,0.0,0.0,0.0,0.0,0.0,0.0,0.0,0.0
2022-09-11,中山,白井特別･2勝,自己条件,5,バルドルブレイン,ロードカナロア,4,横山和生,1800,良,1800.0,2.4,7.5,0.0,芝,中距離,,,右回り,4歳,0.0,0.0,0.0,0.0,0.0,0.0,0.0,0.0,0.0,2400.0,0.0,0.0,0.0,0.0,0.0,0.0,0.0,0.0,0.0
2022-09-11,中山,１勝ｸﾗｽ,自己条件,2,アンクロワ,モーリス,3,横山和生,1600,良,1400.0,1.3,1.7,140.0,芝,短距離,,距離延長,右回り,3歳,131.6,131.6,131.6,132.3,132.3,132.3,133.0,133.0,133.0,4500.0,5922.0,5922.0,5922.0,5953.5,5953.5,5953.5,5985.0,5985.0,5985.0
2022-09-11,中山,新馬,新馬,1,ウィンターダフネ,ブラックタイド,2,横山和生,1600,良,,3.0,4.6,0.0,芝,短距離,,,右回り,2歳,0.0,0.0,0.0,0.0,0.0,0.0,0.0,0.0,0.0,1900.0,0.0,0.0,0.0,0.0,0.0,0.0,0.0,0.0,0.0
2022-09-10,中山,汐留特別･2勝,自己条件,7,カレンヒメ,ダノンシャンティ,5,横山和生,1200,良,1200.0,4.9,8.7,490.0,芝,短距離,,,右回り,5歳以上,490.0,490.0,490.0,490.0,490.0,490.0,490.0,490.0,490.0,1200.0,5880.0,5880.0,5880.0,5880.0,5880.0,5880.0,5880.0,5880.0,5880.0
2022-09-10,中山,未勝利*,未勝利,2,サンティーテソーロ,エピファネイア,2,横山和生,1600,良,1800.0,1.5,2.2,170.0,芝,短距離,,距離短縮,右回り,2歳,159.8,159.8,159.8,160.65,160.65,160.65,161.5,161.5,161.5,3900.0,6232.2,6232.2,6232.2,6265.35,6265.35,6265.35,6298.5,6298.5,6298.5
2022-09-04,札幌,丹頂ＳＨ,OP,11,ゴールドギア,ロードカナロア,7,横山和生,2600,良,2600.0,1.8,2.8,0.0,芝,長距離,,,右回り,5歳以上,0.0,0.0,0.0,0.0,0.0,0.0,0.0,0.0,0.0,3200.0,0.0,0.0,0.0,0.0,0.0,0.0,0.0,0.0,0.0
2022-09-04,札幌,釧路湿原･2勝,自己条件,7,ダイム,オルフェーヴル,3,横山和生,2000,良,1800.0,1.5,1.9,180.0,芝,中距離,,距離延長,右回り,3歳,169.2,169.2,169.2,170.1,170.1,170.1,171.0,171.0,171.0,3900.0,6598.8,6598.8,6598.8,6633.9,6633.9,6633.9,6669.0,6669.0,6669.0
2022-09-04,札幌,すずらん,OP,12,イティネラートル,キズナ,2,横山和生,1200,良,1200.0,1.4,2.0,0.0,芝,短距離,,,右回り,2歳,0.0,0.0,0.0,0.0,0.0,0.0,0.0,0.0,0.0,4100.0,0.0,0.0,0.0,0.0,0.0,0.0,0.0,0.0,0.0
2022-09-04,札幌,１勝ｸﾗｽ,自己条件,12,パーティーベル,ハービンジャー,3,横山和生,1700,良,1700.0,1.3,1.6,140.0,ダート,中距離,,,右回り,3歳,131.6,131.6,131.6,132.3,132.3,132.3,133.0,133.0,133.0,4500.0,5922.0,5922.0,5922.0,5953.5,5953.5,5953.5,5985.0,5985.0,5985.0
2022-09-04,札幌,１勝ｸﾗｽ,自己条件,1,オーソレミオ,ディープインパクト,3,横山和生,1800,良,1500.0,1.9,2.6,0.0,芝,中距離,,距離延長,右回り,3歳,0.0,0.0,0.0,0.0,0.0,0.0,0.0,0.0,0.0,3100.0,0.0,0.0,0.0,0.0,0.0,0.0,0.0,0.0,0.0
2022-09-04,札幌,未勝利,未勝利,6,カフジペンタゴン,ミッキーアイル,3,横山和生,1700,良,1700.0,1.1,1.5,120.0,ダート,中距離,,,右回り,3歳,112.8,112.8,112.8,113.4,113.4,113.4,114.0,114.0,114.0,5300.0,5978.4,5978.4,5978.4,6010.2,6010.2,6010.2,6042.0,6042.0,6042.0
2022-09-04,札幌,未勝利,未勝利,15,コーリングユー,ディープインパクト,3,横山和生,1200,良,1500.0,2.0,3.4,0.0,芝,短距離,,距離短縮,右回り,3歳,0.0,0.0,0.0,0.0,0.0,0.0,0.0,0.0,0.0,2900.0,0.0,0.0,0.0,0.0,0.0,0.0,0.0,0.0,0.0
2022-09-04,札幌,未勝利*,未勝利,8,サクラトップクリス,エピファネイア,2,横山和生,1500,良,1500.0,1.4,2.2,0.0,芝,短距離,,,右回り,2歳,0.0,0.0,0.0,0.0,0.0,0.0,0.0,0.0,0.0,4100.0,0.0,0.0,0.0,0.0,0.0,0.0,0.0,0.0,0.0
2022-09-04,札幌,未勝利*,未勝利,1,トップナイフ,デクラレーションオブウォー,2,横山和生,2000,良,1800.0,1.6,4.0,170.0,芝,中距離,,距離延長,右回り,2歳,159.8,159.8,159.8,160.65,160.65,160.65,161.5,161.5,161.5,3600.0,5752.8,5752.8,5752.8,5783.4,5783.4,5783.4,5814.0,5814.0,5814.0
2022-09-03,札幌,札幌２歳G3,重賞,5,レッドソリッド,ドレフォン,2,横山和生,1800,良,1800.0,12.0,17.8,0.0,芝,中距離,,,右回り,2歳,0.0,0.0,0.0,0.0,0.0,0.0,0.0,0.0,0.0,500.0,0.0,0.0,0.0,0.0,0.0,0.0,0.0,0.0,0.0
2022-09-03,札幌,日高Ｓ･3勝,自己条件,6,オーバーディリバー,マンハッタンカフェ,6,横山和生,1500,良,1600.0,2.9,4.5,410.0,芝,短距離,,距離短縮,右回り,5歳以上,410.0,410.0,410.0,410.0,410.0,410.0,410.0,410.0,410.0,2000.0,8200.0,8200.0,8200.0,8200.0,8200.0,8200.0,8200.0,8200.0,8200.0
2022-09-03,札幌,札幌スポ･2勝,自己条件,15,ヴィアドロローサ,ロードカナロア,3,横山和生,1200,良,1200.0,2.5,4.0,0.0,芝,短距離,,,右回り,3歳,0.0,0.0,0.0,0.0,0.0,0.0,0.0,0.0,0.0,2300.0,0.0,0.0,0.0,0.0,0.0,0.0,0.0,0.0,0.0
2022-09-03,札幌,１勝ｸﾗｽ,自己条件,7,ディープグラビティ,ディープインパクト,3,横山和生,2000,良,1600.0,3.0,4.2,0.0,芝,中距離,,距離延長,右回り,3歳,0.0,0.0,0.0,0.0,0.0,0.0,0.0,0.0,0.0,1900.0,0.0,0.0,0.0,0.0,0.0,0.0,0.0,0.0,0.0
2022-09-03,札幌,未勝利,未勝利,10,トーセンシエロ,New Bay,3,横山和生,2000,良,2000.0,1.4,1.8,0.0,芝,中距離,,,右回り,3歳,0.0,0.0,0.0,0.0,0.0,0.0,0.0,0.0,0.0,4100.0,0.0,0.0,0.0,0.0,0.0,0.0,0.0,0.0,0.0
2022-08-28,札幌,キーンラG3,重賞,9,ジュビリーヘッド,ロードカナロア,5,横山和生,1200,良,1200.0,1.8,2.3,0.0,芝,短距離,,,右回り,5歳以上,0.0,0.0,0.0,0.0,0.0,0.0,0.0,0.0,0.0,3200.0,0.0,0.0,0.0,0.0,0.0,0.0,0.0,0.0,0.0
2022-08-28,札幌,小樽特別･1勝,自己条件,1,ディオアステリア,ザファクター,3,横山和生,1200,良,1200.0,1.4,1.8,0.0,芝,短距離,,,右回り,3歳,0.0,0.0,0.0,0.0,0.0,0.0,0.0,0.0,0.0,4100.0,0.0,0.0,0.0,0.0,0.0,0.0,0.0,0.0,0.0
2022-08-28,札幌,未勝利,未勝利,12,マイトシップ,ゴールドシップ,3,横山和生,2000,良,2000.0,2.9,7.3,0.0,芝,中距離,,,右回り,3歳,0.0,0.0,0.0,0.0,0.0,0.0,0.0,0.0,0.0,2000.0,0.0,0.0,0.0,0.0,0.0,0.0,0.0,0.0,0.0
2022-08-28,札幌,未勝利・牝,未勝利,13,ジューンポンポン,マクフィ,3,横山和生,1700,良,1700.0,1.3,1.5,150.0,ダート,中距離,,,右回り,3歳,141.0,141.0,141.0,141.75,141.75,141.75,142.5,142.5,142.5,4500.0,6345.0,6345.0,6345.0,6378.75,6378.75,6378.75,6412.5,6412.5,6412.5
2022-08-27,札幌,未勝利,未勝利,8,ベルマレット,Ribchester,3,横山和生,1500,良,1800.0,5.1,7.9,0.0,芝,短距離,,距離短縮,右回り,3歳,0.0,0.0,0.0,0.0,0.0,0.0,0.0,0.0,0.0,1100.0,0.0,0.0,0.0,0.0,0.0,0.0,0.0,0.0,0.0
2022-08-27,札幌,未勝利,未勝利,8,カイザーレオン,マクフィ,3,横山和生,1700,良,1700.0,1.1,1.3,110.0,ダート,中距離,,,右回り,3歳,103.4,103.4,103.4,103.95,103.95,103.95,104.5,104.5,104.5,5300.0,5480.2,5480.2,5480.2,5509.35,5509.35,5509.35,5538.5,5538.5,5538.5
2022-08-27,札幌,未勝利・牝,未勝利,7,ベジェサ,イスラボニータ,3,横山和生,1000,良,1000.0,1.2,1.6,130.0,ダート,短距離,,,右回り,3歳,122.2,122.2,122.2,122.85,122.85,122.85,123.5,123.5,123.5,4800.0,5865.6,5865.6,5865.6,5896.8,5896.8,5896.8,5928.0,5928.0,5928.0
2022-08-27,札幌,未勝利*,未勝利,1,トーセントゥーリオ,マクマホン,2,横山和生,1800,良,1600.0,20.8,106.5,0.0,芝,中距離,,距離延長,右回り,2歳,0.0,0.0,0.0,0.0,0.0,0.0,0.0,0.0,0.0,300.0,0.0,0.0,0.0,0.0,0.0,0.0,0.0,0.0,0.0
2022-08-21,札幌,手稲山特･2勝,自己条件,6,ディキシークイーン,ダイワメジャー,5,横山和生,1200,良,1200.0,15.1,24.4,0.0,芝,短距離,,,右回り,5歳以上,0.0,0.0,0.0,0.0,0.0,0.0,0.0,0.0,0.0,400.0,0.0,0.0,0.0,0.0,0.0,0.0,0.0,0.0,0.0
2022-08-21,札幌,札幌記念G2,重賞,16,アンティシペイト,ルーラーシップ,5,横山和生,2000,良,2000.0,4.1,6.2,0.0,芝,中距離,,,右回り,5歳以上,0.0,0.0,0.0,0.0,0.0,0.0,0.0,0.0,0.0,1400.0,0.0,0.0,0.0,0.0,0.0,0.0,0.0,0.0,0.0
2022-08-21,札幌,クローバ,OP,11,ブライトファントム,カレンブラックヒル,2,横山和生,1500,良,1500.0,2.2,3.3,0.0,芝,短距離,,,右回り,2歳,0.0,0.0,0.0,0.0,0.0,0.0,0.0,0.0,0.0,2600.0,0.0,0.0,0.0,0.0,0.0,0.0,0.0,0.0,0.0
2022-08-21,札幌,１勝ｸﾗｽ・牝,自己条件,12,エレガントチャーム,ルーラーシップ,5,横山和生,2000,良,2600.0,3.6,5.5,0.0,芝,中距離,,距離短縮,右回り,5歳以上,0.0,0.0,0.0,0.0,0.0,0.0,0.0,0.0,0.0,1600.0,0.0,0.0,0.0,0.0,0.0,0.0,0.0,0.0,0.0
2022-08-21,札幌,１勝ｸﾗｽ,自己条件,3,パーティーベル,ハービンジャー,3,横山和生,1700,良,1700.0,1.3,1.7,150.0,ダート,中距離,,,右回り,3歳,141.0,141.0,141.0,141.75,141.75,141.75,142.5,142.5,142.5,4500.0,6345.0,6345.0,6345.0,6378.75,6378.75,6378.75,6412.5,6412.5,6412.5
2022-08-20,札幌,１勝ｸﾗｽ・牝,自己条件,4,セレッソ,ドレフォン,3,横山和生,1700,稍,1700.0,1.2,1.6,0.0,ダート,中距離,ダ道悪,,右回り,3歳,0.0,0.0,0.0,0.0,0.0,0.0,0.0,0.0,0.0,4800.0,0.0,0.0,0.0,0.0,0.0,0.0,0.0,0.0,0.0
2022-08-20,札幌,札幌日Ｈ･2勝,自己条件,13,ディナースタ,ドゥラメンテ,3,横山和生,2600,稍,2600.0,1.2,1.5,130.0,芝,長距離,芝道悪,,右回り,3歳,122.2,122.2,122.2,122.85,122.85,122.85,123.5,123.5,123.5,4800.0,5865.6,5865.6,5865.6,5896.8,5896.8,5896.8,5928.0,5928.0,5928.0
2022-08-20,札幌,千歳特別･1勝,自己条件,12,カメハメハタイム,ドゥラメンテ,3,横山和生,1500,稍,2000.0,6.2,10.1,0.0,芝,短距離,芝道悪,距離短縮,右回り,3歳,0.0,0.0,0.0,0.0,0.0,0.0,0.0,0.0,0.0,900.0,0.0,0.0,0.0,0.0,0.0,0.0,0.0,0.0,0.0
2022-08-20,札幌,未勝利,未勝利,13,トーセンシエロ,New Bay,3,横山和生,2000,稍,2000.0,1.3,1.6,150.0,芝,中距離,芝道悪,,右回り,3歳,141.0,141.0,141.0,141.75,141.75,141.75,142.5,142.5,142.5,4500.0,6345.0,6345.0,6345.0,6378.75,6378.75,6378.75,6412.5,6412.5,6412.5
2022-08-20,札幌,未勝利,未勝利,1,カフジペンタゴン,ミッキーアイル,3,横山和生,1700,稍,1700.0,1.5,2.0,190.0,ダート,中距離,ダ道悪,,右回り,3歳,178.6,178.6,178.6,179.55,179.55,179.55,180.5,180.5,180.5,3900.0,6965.4,6965.4,6965.4,7002.45,7002.45,7002.45,7039.5,7039.5,7039.5
2022-08-20,札幌,新馬,新馬,6,ドルチェモア,ルーラーシップ,2,横山和生,1500,稍,,1.3,1.7,140.0,芝,短距離,芝道悪,,右回り,2歳,131.6,131.6,131.6,132.3,132.3,132.3,133.0,133.0,133.0,4500.0,5922.0,5922.0,5922.0,5953.5,5953.5,5953.5,5985.0,5985.0,5985.0
2022-08-20,札幌,未勝利,未勝利,16,スターザサンライズ,ロードカナロア,3,横山和生,1200,稍,1200.0,1.7,2.2,0.0,芝,短距離,芝道悪,,右回り,3歳,0.0,0.0,0.0,0.0,0.0,0.0,0.0,0.0,0.0,3400.0,0.0,0.0,0.0,0.0,0.0,0.0,0.0,0.0,0.0
2022-08-20,札幌,未勝利*,未勝利,5,フェネストラ,サトノアラジン,2,横山和生,1800,稍,1800.0,1.1,1.1,0.0,芝,中距離,芝道悪,,右回り,2歳,0.0,0.0,0.0,0.0,0.0,0.0,0.0,0.0,0.0,5300.0,0.0,0.0,0.0,0.0,0.0,0.0,0.0,0.0,0.0
2022-08-14,札幌,藻岩山特･2勝,自己条件,10,ウインミニヨン,ダノンシャンティ,4,横山和生,2000,稍,2000.0,2.8,7.5,0.0,芝,中距離,芝道悪,,右回り,4歳,0.0,0.0,0.0,0.0,0.0,0.0,0.0,0.0,0.0,2100.0,0.0,0.0,0.0,0.0,0.0,0.0,0.0,0.0,0.0
2022-08-14,札幌,石狩特別･1勝,自己条件,4,オメガデラックス,ダイワメジャー,5,横山和生,1800,稍,2000.0,1.3,5.5,0.0,芝,中距離,芝道悪,距離短縮,右回り,5歳以上,0.0,0.0,0.0,0.0,0.0,0.0,0.0,0.0,0.0,4500.0,0.0,0.0,0.0,0.0,0.0,0.0,0.0,0.0,0.0
2022-08-14,札幌,１勝ｸﾗｽ,自己条件,11,シャインフォール,ロードカナロア,3,横山和生,1700,稍,1700.0,3.7,6.1,0.0,ダート,中距離,ダ道悪,,右回り,3歳,0.0,0.0,0.0,0.0,0.0,0.0,0.0,0.0,0.0,1600.0,0.0,0.0,0.0,0.0,0.0,0.0,0.0,0.0,0.0
2022-08-14,札幌,１勝ｸﾗｽ・牝,自己条件,6,オーソレミオ,ディープインパクト,3,横山和生,1500,稍,1800.0,1.1,3.7,0.0,芝,短距離,芝道悪,距離短縮,右回り,3歳,0.0,0.0,0.0,0.0,0.0,0.0,0.0,0.0,0.0,5300.0,0.0,0.0,0.0,0.0,0.0,0.0,0.0,0.0,0.0
2022-08-14,札幌,１勝ｸﾗｽ,自己条件,7,キャンディドライヴ,Candy Ride,3,横山和生,1700,稍,1000.0,1.6,2.5,0.0,ダート,中距離,ダ道悪,距離延長,右回り,3歳,0.0,0.0,0.0,0.0,0.0,0.0,0.0,0.0,0.0,3600.0,0.0,0.0,0.0,0.0,0.0,0.0,0.0,0.0,0.0
2022-08-14,札幌,新馬,新馬,7,ハンマ,マクフィ,2,横山和生,1800,稍,,3.5,5.4,0.0,芝,中距離,芝道悪,,右回り,2歳,0.0,0.0,0.0,0.0,0.0,0.0,0.0,0.0,0.0,1700.0,0.0,0.0,0.0,0.0,0.0,0.0,0.0,0.0,0.0
2022-08-14,札幌,未勝利,未勝利,8,ベッサスタージル,ベーカバド,3,横山和生,1700,稍,1700.0,1.8,2.6,0.0,ダート,中距離,ダ道悪,,右回り,3歳,0.0,0.0,0.0,0.0,0.0,0.0,0.0,0.0,0.0,3200.0,0.0,0.0,0.0,0.0,0.0,0.0,0.0,0.0,0.0
2022-08-14,札幌,未勝利,未勝利,3,ジャスティンマリブ,マジェスティックウォリアー,3,横山和生,2400,稍,2000.0,9.1,14.9,0.0,ダート,長距離,ダ道悪,距離延長,右回り,3歳,0.0,0.0,0.0,0.0,0.0,0.0,0.0,0.0,0.0,600.0,0.0,0.0,0.0,0.0,0.0,0.0,0.0,0.0,0.0
2022-08-13,札幌,ＴＶｈ賞･3勝,自己条件,7,アベックフォルス,エスケンデレヤ,5,横山和生,1700,稍,1600.0,3.4,4.8,0.0,ダート,中距離,ダ道悪,距離延長,右回り,5歳以上,0.0,0.0,0.0,0.0,0.0,0.0,0.0,0.0,0.0,1700.0,0.0,0.0,0.0,0.0,0.0,0.0,0.0,0.0,0.0
2022-08-13,札幌,羊ヶ丘特･2勝,自己条件,12,ココリホウオウ,ワールドエース,4,横山和生,1500,良,1600.0,1.6,2.2,180.0,芝,短距離,,距離短縮,右回り,4歳,169.2,169.2,169.2,170.1,170.1,170.1,171.0,171.0,171.0,3600.0,6091.2,6091.2,6091.2,6123.6,6123.6,6123.6,6156.0,6156.0,6156.0
2022-08-13,札幌,未勝利*,未勝利,3,トップナイフ,デクラレーションオブウォー,2,横山和生,1800,稍,1800.0,1.3,2.2,160.0,芝,中距離,芝道悪,,右回り,2歳,150.4,150.4,150.4,151.2,151.2,151.2,152.0,152.0,152.0,4500.0,6768.0,6768.0,6768.0,6804.0,6804.0,6804.0,6840.0,6840.0,6840.0
2022-08-07,札幌,１勝ｸﾗｽ・牝,自己条件,2,ディオアステリア,ザファクター,3,横山和生,1200,良,1200.0,3.2,4.7,340.0,芝,短距離,,,右回り,3歳,340.0,340.0,340.0,340.0,340.0,340.0,340.0,340.0,340.0,1800.0,6120.0,6120.0,6120.0,6120.0,6120.0,6120.0,6120.0,6120.0,6120.0
2022-08-07,札幌,エルムＳG3,重賞,3,オメガレインボー,アイルハヴアナザー,6,横山和生,1700,良,1700.0,1.8,2.1,200.0,ダート,中距離,,,右回り,5歳以上,200.0,200.0,200.0,200.0,200.0,200.0,200.0,200.0,200.0,3200.0,6400.0,6400.0,6400.0,6400.0,6400.0,6400.0,6400.0,6400.0,6400.0
2022-08-07,札幌,ＨＢＣ賞･2勝,自己条件,15,ヴィアドロローサ,ロードカナロア,3,横山和生,1200,良,1200.0,4.8,7.0,0.0,芝,短距離,,,右回り,3歳,0.0,0.0,0.0,0.0,0.0,0.0,0.0,0.0,0.0,1200.0,0.0,0.0,0.0,0.0,0.0,0.0,0.0,0.0,0.0
2022-08-07,札幌,ライラッ･2勝,自己条件,10,ウィスパリンホープ,ハーツクライ,5,横山和生,1800,良,1400.0,3.8,5.2,0.0,芝,中距離,,距離延長,右回り,5歳以上,0.0,0.0,0.0,0.0,0.0,0.0,0.0,0.0,0.0,1500.0,0.0,0.0,0.0,0.0,0.0,0.0,0.0,0.0,0.0
2022-08-07,札幌,１勝ｸﾗｽ,自己条件,14,カレンレベンティス,エピファネイア,4,横山和生,2000,良,2400.0,4.0,5.7,0.0,芝,中距離,,距離短縮,右回り,4歳,0.0,0.0,0.0,0.0,0.0,0.0,0.0,0.0,0.0,1400.0,0.0,0.0,0.0,0.0,0.0,0.0,0.0,0.0,0.0
2022-08-07,札幌,１勝ｸﾗｽ,自己条件,12,スズカマジェスタ,マジェスティックウォリアー,3,横山和生,1700,良,1800.0,3.8,5.6,390.0,ダート,中距離,,距離短縮,右回り,3歳,390.0,390.0,390.0,390.0,390.0,390.0,390.0,390.0,390.0,1500.0,5850.0,5850.0,5850.0,5850.0,5850.0,5850.0,5850.0,5850.0,5850.0
2022-08-07,札幌,新馬,新馬,8,フェネストラ,サトノアラジン,2,横山和生,1800,良,,1.1,1.5,110.0,芝,中距離,,,右回り,2歳,103.4,103.4,103.4,103.95,103.95,103.95,104.5,104.5,104.5,5300.0,5480.2,5480.2,5480.2,5509.35,5509.35,5509.35,5538.5,5538.5,5538.5
2022-08-07,札幌,未勝利,未勝利,2,シエル,ロードカナロア,3,横山和生,1700,良,1800.0,1.7,2.4,0.0,ダート,中距離,,距離短縮,右回り,3歳,0.0,0.0,0.0,0.0,0.0,0.0,0.0,0.0,0.0,3400.0,0.0,0.0,0.0,0.0,0.0,0.0,0.0,0.0,0.0
2022-08-07,札幌,未勝利・牝,未勝利,3,トーセンシエロ,New Bay,3,横山和生,2000,良,1800.0,1.9,2.4,200.0,芝,中距離,,距離延長,右回り,3歳,200.0,200.0,200.0,200.0,200.0,200.0,200.0,200.0,200.0,3100.0,6200.0,6200.0,6200.0,6200.0,6200.0,6200.0,6200.0,6200.0,6200.0
2022-08-06,札幌,札幌日経(L),OP,1,ゴールドギア,ロードカナロア,7,横山和生,2600,良,2500.0,3.3,4.7,330.0,芝,長距離,,距離延長,右回り,5歳以上,330.0,330.0,330.0,330.0,330.0,330.0,330.0,330.0,330.0,1800.0,5940.0,5940.0,5940.0,5940.0,5940.0,5940.0,5940.0,5940.0,5940.0
2022-08-06,札幌,桑園特Ｈ･2勝,自己条件,8,ストラテジーマップ,ディープインパクト,5,横山和生,1700,良,1600.0,2.3,3.2,0.0,ダート,中距離,,距離延長,右回り,5歳以上,0.0,0.0,0.0,0.0,0.0,0.0,0.0,0.0,0.0,2500.0,0.0,0.0,0.0,0.0,0.0,0.0,0.0,0.0,0.0
2022-08-06,札幌,北辰特別･1勝,自己条件,11,スカイフォール,キングカメハメハ,3,横山和生,1800,良,2000.0,1.2,1.5,120.0,芝,中距離,,距離短縮,右回り,3歳,112.8,112.8,112.8,113.4,113.4,113.4,114.0,114.0,114.0,4800.0,5414.4,5414.4,5414.4,5443.2,5443.2,5443.2,5472.0,5472.0,5472.0
2022-08-06,札幌,１勝ｸﾗｽ・牝,自己条件,4,セレッソ,ドレフォン,3,横山和生,1700,良,1700.0,1.3,1.8,130.0,ダート,中距離,,,右回り,3歳,122.2,122.2,122.2,122.85,122.85,122.85,123.5,123.5,123.5,4500.0,5499.0,5499.0,5499.0,5528.25,5528.25,5528.25,5557.5,5557.5,5557.5
2022-08-06,札幌,１勝ｸﾗｽ,自己条件,9,デルマジゾウ,アーネストリー,4,横山和生,1000,良,1400.0,8.1,14.5,0.0,ダート,短距離,,距離短縮,右回り,4歳,0.0,0.0,0.0,0.0,0.0,0.0,0.0,0.0,0.0,700.0,0.0,0.0,0.0,0.0,0.0,0.0,0.0,0.0,0.0
2022-08-06,札幌,未勝利,未勝利,7,ホウオウユニコーン,ゴールドシップ,3,横山和生,2000,良,2600.0,2.9,4.3,310.0,芝,中距離,,距離短縮,右回り,3歳,310.0,310.0,310.0,310.0,310.0,310.0,310.0,310.0,310.0,2000.0,6200.0,6200.0,6200.0,6200.0,6200.0,6200.0,6200.0,6200.0,6200.0
2022-08-06,札幌,新馬,新馬,6,セフィロ,イスラボニータ,2,横山和生,1200,良,,1.1,2.8,110.0,芝,短距離,,,右回り,2歳,103.4,103.4,103.4,103.95,103.95,103.95,104.5,104.5,104.5,5300.0,5480.2,5480.2,5480.2,5509.35,5509.35,5509.35,5538.5,5538.5,5538.5
2022-08-06,札幌,未勝利,未勝利,13,アトランティス,キズナ,3,横山和生,1700,良,1700.0,1.4,1.9,0.0,ダート,中距離,,,右回り,3歳,0.0,0.0,0.0,0.0,0.0,0.0,0.0,0.0,0.0,4100.0,0.0,0.0,0.0,0.0,0.0,0.0,0.0,0.0,0.0
2022-08-06,札幌,未勝利,未勝利,12,スターザサンライズ,ロードカナロア,3,横山和生,1200,良,1200.0,1.9,2.8,200.0,芝,短距離,,,右回り,3歳,200.0,200.0,200.0,200.0,200.0,200.0,200.0,200.0,200.0,3100.0,6200.0,6200.0,6200.0,6200.0,6200.0,6200.0,6200.0,6200.0,6200.0
2022-08-06,札幌,未勝利,未勝利,5,カイザーレオン,マクフィ,3,横山和生,1700,良,1700.0,1.1,1.3,110.0,ダート,中距離,,,右回り,3歳,103.4,103.4,103.4,103.95,103.95,103.95,104.5,104.5,104.5,5300.0,5480.2,5480.2,5480.2,5509.35,5509.35,5509.35,5538.5,5538.5,5538.5
2022-08-06,札幌,未勝利*,未勝利,1,ドゥラエレーデ,ドゥラメンテ,2,横山和生,1800,良,1800.0,1.1,2.8,110.0,芝,中距離,,,右回り,2歳,103.4,103.4,103.4,103.95,103.95,103.95,104.5,104.5,104.5,5300.0,5480.2,5480.2,5480.2,5509.35,5509.35,5509.35,5538.5,5538.5,5538.5
2022-07-31,札幌,クイーンG3,重賞,12,ルビーカサブランカ,キングカメハメハ,5,横山和生,1800,良,2000.0,3.0,4.5,0.0,芝,中距離,,距離短縮,右回り,5歳以上,0.0,0.0,0.0,0.0,0.0,0.0,0.0,0.0,0.0,1900.0,0.0,0.0,0.0,0.0,0.0,0.0,0.0,0.0,0.0
2022-07-31,札幌,札幌道Ｈ･2勝,自己条件,6,アバンチュリエ,モーリス,3,横山和生,1500,良,1600.0,1.7,3.0,230.0,芝,短距離,,距離短縮,右回り,3歳,230.0,230.0,230.0,230.0,230.0,230.0,230.0,230.0,230.0,3400.0,7820.0,7820.0,7820.0,7820.0,7820.0,7820.0,7820.0,7820.0,7820.0
2022-07-31,札幌,積丹特別･1勝,自己条件,10,ディナースタ,ドゥラメンテ,3,横山和生,2600,良,2000.0,1.5,2.1,160.0,芝,長距離,,距離延長,右回り,3歳,150.4,150.4,150.4,151.2,151.2,151.2,152.0,152.0,152.0,3900.0,5865.6,5865.6,5865.6,5896.8,5896.8,5896.8,5928.0,5928.0,5928.0
2022-07-31,札幌,１勝ｸﾗｽ,自己条件,10,シーヴィクセン,Into Mischief,3,横山和生,1700,良,1600.0,1.2,1.5,0.0,ダート,中距離,,距離延長,右回り,3歳,0.0,0.0,0.0,0.0,0.0,0.0,0.0,0.0,0.0,4800.0,0.0,0.0,0.0,0.0,0.0,0.0,0.0,0.0,0.0
2022-07-31,札幌,１勝ｸﾗｽ,自己条件,1,カメハメハタイム,ドゥラメンテ,3,横山和生,2000,良,2000.0,4.2,5.9,0.0,芝,中距離,,,右回り,3歳,0.0,0.0,0.0,0.0,0.0,0.0,0.0,0.0,0.0,1400.0,0.0,0.0,0.0,0.0,0.0,0.0,0.0,0.0,0.0
2022-07-31,札幌,１勝ｸﾗｽ・牝,自己条件,6,スマイルバック,リオンディーズ,3,横山和生,1000,良,1800.0,2.0,2.9,0.0,ダート,短距離,,距離短縮,右回り,3歳,0.0,0.0,0.0,0.0,0.0,0.0,0.0,0.0,0.0,2900.0,0.0,0.0,0.0,0.0,0.0,0.0,0.0,0.0,0.0
2022-07-31,札幌,未勝利,未勝利,12,カフジペンタゴン,ミッキーアイル,3,横山和生,1700,良,1700.0,2.0,3.0,240.0,ダート,中距離,,,右回り,3歳,240.0,240.0,240.0,240.0,240.0,240.0,240.0,240.0,240.0,2900.0,6960.0,6960.0,6960.0,6960.0,6960.0,6960.0,6960.0,6960.0,6960.0
2022-07-31,札幌,未勝利,未勝利,6,カラフルワウ,ミッキーアイル,3,横山和生,1000,良,1000.0,5.0,7.7,0.0,ダート,短距離,,,右回り,3歳,0.0,0.0,0.0,0.0,0.0,0.0,0.0,0.0,0.0,1200.0,0.0,0.0,0.0,0.0,0.0,0.0,0.0,0.0,0.0
2022-07-31,札幌,未勝利*,未勝利,2,サクラトップクリス,エピファネイア,2,横山和生,1500,良,1200.0,2.0,5.3,0.0,芝,短距離,,距離延長,右回り,2歳,0.0,0.0,0.0,0.0,0.0,0.0,0.0,0.0,0.0,2900.0,0.0,0.0,0.0,0.0,0.0,0.0,0.0,0.0,0.0
2022-07-30,札幌,ＳＴＶ賞･3勝,自己条件,3,ターキッシュパレス,Golden Horn,5,横山和生,1800,良,2000.0,2.7,4.3,0.0,芝,中距離,,距離短縮,右回り,5歳以上,0.0,0.0,0.0,0.0,0.0,0.0,0.0,0.0,0.0,2100.0,0.0,0.0,0.0,0.0,0.0,0.0,0.0,0.0,0.0
2022-07-30,札幌,阿寒湖特･2勝,自己条件,2,マベルロンジュ,ハーツクライ,5,横山和生,2600,良,2600.0,3.4,7.1,390.0,芝,長距離,,,右回り,5歳以上,390.0,390.0,390.0,390.0,390.0,390.0,390.0,390.0,390.0,1700.0,6630.0,6630.0,6630.0,6630.0,6630.0,6630.0,6630.0,6630.0,6630.0
2022-07-30,札幌,１勝ｸﾗｽ,自己条件,11,フォーワンセルフ,パイロ,3,横山和生,1700,良,1600.0,4.1,10.0,0.0,ダート,中距離,,距離延長,右回り,3歳,0.0,0.0,0.0,0.0,0.0,0.0,0.0,0.0,0.0,1400.0,0.0,0.0,0.0,0.0,0.0,0.0,0.0,0.0,0.0
2022-07-30,札幌,新馬,新馬,12,ブライトファントム,カレンブラックヒル,2,横山和生,1500,良,,2.2,3.5,260.0,芝,短距離,,,右回り,2歳,260.0,260.0,260.0,260.0,260.0,260.0,260.0,260.0,260.0,2600.0,6760.0,6760.0,6760.0,6760.0,6760.0,6760.0,6760.0,6760.0,6760.0
2022-07-30,札幌,未勝利,未勝利,10,ホウオウカグヤ,ディープインパクト,3,横山和生,1500,良,1800.0,2.3,3.8,0.0,芝,短距離,,距離短縮,右回り,3歳,0.0,0.0,0.0,0.0,0.0,0.0,0.0,0.0,0.0,2500.0,0.0,0.0,0.0,0.0,0.0,0.0,0.0,0.0,0.0
2022-07-30,札幌,未勝利・牝,未勝利,13,クインズステラ,ジャスタウェイ,3,横山和生,1700,良,1600.0,1.2,1.6,140.0,ダート,中距離,,距離延長,右回り,3歳,131.6,131.6,131.6,132.3,132.3,132.3,133.0,133.0,133.0,4800.0,6316.8,6316.8,6316.8,6350.4,6350.4,6350.4,6384.0,6384.0,6384.0
2022-07-24,札幌,１勝ｸﾗｽ,自己条件,8,レイヴンズコー,Raven's Pass,3,横山和生,1500,良,1400.0,1.4,1.9,0.0,芝,短距離,,距離延長,右回り,3歳,0.0,0.0,0.0,0.0,0.0,0.0,0.0,0.0,0.0,4100.0,0.0,0.0,0.0,0.0,0.0,0.0,0.0,0.0,0.0
2022-07-24,札幌,ＨＴＢ賞･2勝,自己条件,8,ヒューマンコメディ,ハーツクライ,5,横山和生,2000,良,2000.0,3.6,5.1,0.0,芝,中距離,,,右回り,5歳以上,0.0,0.0,0.0,0.0,0.0,0.0,0.0,0.0,0.0,1600.0,0.0,0.0,0.0,0.0,0.0,0.0,0.0,0.0,0.0
2022-07-24,札幌,１勝ｸﾗｽ,自己条件,4,パーティーベル,ハービンジャー,3,横山和生,1700,良,1700.0,2.2,3.3,290.0,ダート,中距離,,,右回り,3歳,290.0,290.0,290.0,290.0,290.0,290.0,290.0,290.0,290.0,2600.0,7540.0,7540.0,7540.0,7540.0,7540.0,7540.0,7540.0,7540.0,7540.0
2022-07-24,札幌,未勝利,未勝利,8,サトノゼノビア,ディープインパクト,3,横山和生,2000,良,1700.0,3.1,8.1,0.0,芝,中距離,,距離延長,右回り,3歳,0.0,0.0,0.0,0.0,0.0,0.0,0.0,0.0,0.0,1900.0,0.0,0.0,0.0,0.0,0.0,0.0,0.0,0.0,0.0
2022-07-24,札幌,新馬,新馬,6,トップナイフ,デクラレーションオブウォー,2,横山和生,1800,良,,1.3,3.3,0.0,芝,中距離,,,右回り,2歳,0.0,0.0,0.0,0.0,0.0,0.0,0.0,0.0,0.0,4500.0,0.0,0.0,0.0,0.0,0.0,0.0,0.0,0.0,0.0
2022-07-24,札幌,未勝利,未勝利,4,カイザーレオン,マクフィ,3,横山和生,1700,良,1700.0,1.4,1.8,160.0,ダート,中距離,,,右回り,3歳,150.4,150.4,150.4,151.2,151.2,151.2,152.0,152.0,152.0,4100.0,6166.4,6166.4,6166.4,6199.2,6199.2,6199.2,6232.0,6232.0,6232.0
2022-07-24,札幌,未勝利・牝,未勝利,2,ジョブックフィオリ,ルーラーシップ,3,横山和生,1700,良,1700.0,4.5,6.5,0.0,ダート,中距離,,,右回り,3歳,0.0,0.0,0.0,0.0,0.0,0.0,0.0,0.0,0.0,1300.0,0.0,0.0,0.0,0.0,0.0,0.0,0.0,0.0,0.0
2022-07-24,札幌,未勝利*,未勝利,5,イティネラートル,キズナ,2,横山和生,1200,良,1000.0,1.4,2.1,140.0,芝,短距離,,距離延長,右回り,2歳,131.6,131.6,131.6,132.3,132.3,132.3,133.0,133.0,133.0,4100.0,5395.6,5395.6,5395.6,5424.3,5424.3,5424.3,5453.0,5453.0,5453.0
2022-07-23,札幌,しらかば･3勝,自己条件,10,バトーデュシエル,ロードカナロア,5,横山和生,1200,稍,1200.0,3.3,5.4,0.0,芝,短距離,芝道悪,,右回り,5歳以上,0.0,0.0,0.0,0.0,0.0,0.0,0.0,0.0,0.0,1800.0,0.0,0.0,0.0,0.0,0.0,0.0,0.0,0.0,0.0
2022-07-23,札幌,大倉山特･2勝,自己条件,11,ロスコフ,オルフェーヴル,4,横山和生,1700,稍,1700.0,1.4,1.9,0.0,ダート,中距離,ダ道悪,,右回り,4歳,0.0,0.0,0.0,0.0,0.0,0.0,0.0,0.0,0.0,4100.0,0.0,0.0,0.0,0.0,0.0,0.0,0.0,0.0,0.0
2022-07-23,札幌,１勝ｸﾗｽ,自己条件,12,アグリ,Caravaggio,3,横山和生,1200,稍,1600.0,1.1,1.5,0.0,芝,短距離,芝道悪,距離短縮,右回り,3歳,0.0,0.0,0.0,0.0,0.0,0.0,0.0,0.0,0.0,5300.0,0.0,0.0,0.0,0.0,0.0,0.0,0.0,0.0,0.0
2022-07-23,札幌,新馬,新馬,8,ミラーオブマインド,マインドユアビスケッツ,2,横山和生,1700,稍,,2.2,4.1,330.0,ダート,中距離,ダ道悪,,右回り,2歳,330.0,330.0,330.0,330.0,330.0,330.0,330.0,330.0,330.0,2600.0,8580.0,8580.0,8580.0,8580.0,8580.0,8580.0,8580.0,8580.0,8580.0
2022-07-23,札幌,未勝利,未勝利,7,スターザサンライズ,ロードカナロア,3,横山和生,1200,稍,1600.0,1.6,2.3,0.0,芝,短距離,芝道悪,距離短縮,右回り,3歳,0.0,0.0,0.0,0.0,0.0,0.0,0.0,0.0,0.0,3600.0,0.0,0.0,0.0,0.0,0.0,0.0,0.0,0.0,0.0
2022-07-23,札幌,未勝利・牝,未勝利,7,コーリングユー,ディープインパクト,3,横山和生,1500,稍,1800.0,1.1,1.6,0.0,芝,短距離,芝道悪,距離短縮,右回り,3歳,0.0,0.0,0.0,0.0,0.0,0.0,0.0,0.0,0.0,5300.0,0.0,0.0,0.0,0.0,0.0,0.0,0.0,0.0,0.0
2022-07-23,札幌,未勝利,未勝利,10,ベッサスタージル,ベーカバド,3,横山和生,1700,稍,1600.0,1.3,1.7,0.0,ダート,中距離,ダ道悪,距離延長,右回り,3歳,0.0,0.0,0.0,0.0,0.0,0.0,0.0,0.0,0.0,4500.0,0.0,0.0,0.0,0.0,0.0,0.0,0.0,0.0,0.0
2022-07-23,札幌,未勝利*,未勝利,5,トーセントラム,ヴァンキッシュラン,2,横山和生,1800,稍,1800.0,1.1,5.2,0.0,芝,中距離,芝道悪,,右回り,2歳,0.0,0.0,0.0,0.0,0.0,0.0,0.0,0.0,0.0,5300.0,0.0,0.0,0.0,0.0,0.0,0.0,0.0,0.0,0.0
2022-07-17,函館,臥牛山特･1勝,自己条件,7,ダイム,オルフェーヴル,3,横山和生,1800,重,1800.0,1.1,1.1,110.0,芝,中距離,芝道悪,,右回り,3歳,103.4,103.4,103.4,103.95,103.95,103.95,104.5,104.5,104.5,5300.0,5480.2,5480.2,5480.2,5509.35,5509.35,5509.35,5538.5,5538.5,5538.5
2022-07-17,函館,１勝ｸﾗｽ,自己条件,12,グラスミヤラビ,サトノアラジン,3,横山和生,1200,重,1200.0,2.2,3.5,0.0,芝,短距離,芝道悪,,右回り,3歳,0.0,0.0,0.0,0.0,0.0,0.0,0.0,0.0,0.0,2600.0,0.0,0.0,0.0,0.0,0.0,0.0,0.0,0.0,0.0
2022-07-17,函館,１勝ｸﾗｽ・牝,自己条件,8,セレッソ,ドレフォン,3,横山和生,1700,重,1700.0,2.1,3.0,240.0,ダート,中距離,ダ道悪,,右回り,3歳,240.0,240.0,240.0,240.0,240.0,240.0,240.0,240.0,240.0,2800.0,6720.0,6720.0,6720.0,6720.0,6720.0,6720.0,6720.0,6720.0,6720.0
2022-07-17,函館,未勝利,未勝利,10,ロードブライト,ドゥラメンテ,3,横山和生,2600,重,2000.0,12.5,22.0,0.0,芝,長距離,芝道悪,距離延長,右回り,3歳,0.0,0.0,0.0,0.0,0.0,0.0,0.0,0.0,0.0,500.0,0.0,0.0,0.0,0.0,0.0,0.0,0.0,0.0,0.0
2022-07-17,函館,新馬,新馬,2,ウインルーティン,ゴールドシップ,2,横山和生,1800,重,,3.1,5.1,0.0,芝,中距離,芝道悪,,右回り,2歳,0.0,0.0,0.0,0.0,0.0,0.0,0.0,0.0,0.0,1900.0,0.0,0.0,0.0,0.0,0.0,0.0,0.0,0.0,0.0
2022-07-17,函館,未勝利・牝,未勝利,2,ディオアステリア,ザファクター,3,横山和生,1200,稍,1200.0,3.7,5.6,520.0,芝,短距離,芝道悪,,右回り,3歳,520.0,520.0,520.0,520.0,520.0,520.0,520.0,520.0,520.0,1600.0,8320.0,8320.0,8320.0,8320.0,8320.0,8320.0,8320.0,8320.0,8320.0
2022-07-17,函館,未勝利,未勝利,12,パリヘンジ,キングカメハメハ,3,横山和生,1700,稍,1700.0,1.2,1.6,0.0,ダート,中距離,ダ道悪,,右回り,3歳,0.0,0.0,0.0,0.0,0.0,0.0,0.0,0.0,0.0,4800.0,0.0,0.0,0.0,0.0,0.0,0.0,0.0,0.0,0.0
2022-07-16,函館,函館２歳G3,重賞,11,ニーナブランド,ダンカーク,2,横山和生,1200,稍,1000.0,4.9,7.4,0.0,芝,短距離,芝道悪,距離延長,右回り,2歳,0.0,0.0,0.0,0.0,0.0,0.0,0.0,0.0,0.0,1200.0,0.0,0.0,0.0,0.0,0.0,0.0,0.0,0.0,0.0
2022-07-16,函館,かもめ島･2勝,自己条件,7,オメガロマンス,ハーツクライ,4,横山和生,1800,稍,1600.0,1.5,1.9,0.0,芝,中距離,芝道悪,距離延長,右回り,4歳,0.0,0.0,0.0,0.0,0.0,0.0,0.0,0.0,0.0,3900.0,0.0,0.0,0.0,0.0,0.0,0.0,0.0,0.0,0.0
2022-07-16,函館,湯浜特別･1勝,自己条件,9,カズラポニアン,ヘニーヒューズ,3,横山和生,1700,稍,1700.0,1.8,5.8,0.0,ダート,中距離,ダ道悪,,右回り,3歳,0.0,0.0,0.0,0.0,0.0,0.0,0.0,0.0,0.0,3200.0,0.0,0.0,0.0,0.0,0.0,0.0,0.0,0.0,0.0
2022-07-16,函館,未勝利,未勝利,2,ホウオウベリテ,ロードカナロア,3,横山和生,1700,稍,1700.0,1.6,2.6,0.0,ダート,中距離,ダ道悪,,右回り,3歳,0.0,0.0,0.0,0.0,0.0,0.0,0.0,0.0,0.0,3600.0,0.0,0.0,0.0,0.0,0.0,0.0,0.0,0.0,0.0
2022-07-16,函館,未勝利,未勝利,2,ダノンフロイデ,キングカメハメハ,3,横山和生,2000,稍,2000.0,2.0,2.7,250.0,芝,中距離,芝道悪,,右回り,3歳,250.0,250.0,250.0,250.0,250.0,250.0,250.0,250.0,250.0,2900.0,7250.0,7250.0,7250.0,7250.0,7250.0,7250.0,7250.0,7250.0,7250.0
2022-07-16,函館,未勝利*,未勝利,6,ジューンナックル,タリスマニック,2,横山和生,1800,稍,1800.0,1.4,6.9,0.0,芝,中距離,芝道悪,,右回り,2歳,0.0,0.0,0.0,0.0,0.0,0.0,0.0,0.0,0.0,4100.0,0.0,0.0,0.0,0.0,0.0,0.0,0.0,0.0,0.0
2022-07-10,函館,２勝ｸﾗｽ,自己条件,4,アルナージ,ダノンレジェンド,4,横山和生,1000,良,1200.0,6.0,11.4,0.0,ダート,短距離,,距離短縮,右回り,4歳,0.0,0.0,0.0,0.0,0.0,0.0,0.0,0.0,0.0,1000.0,0.0,0.0,0.0,0.0,0.0,0.0,0.0,0.0,0.0
2022-07-10,函館,五稜郭Ｓ･3勝,自己条件,4,ターキッシュパレス,Golden Horn,5,横山和生,2000,良,1800.0,3.0,4.0,0.0,芝,中距離,,距離延長,右回り,5歳以上,0.0,0.0,0.0,0.0,0.0,0.0,0.0,0.0,0.0,1900.0,0.0,0.0,0.0,0.0,0.0,0.0,0.0,0.0,0.0
2022-07-10,函館,横津岳Ｈ･2勝,自己条件,4,マベルロンジュ,ハーツクライ,5,横山和生,2600,良,2400.0,3.5,5.7,0.0,芝,長距離,,距離延長,右回り,5歳以上,0.0,0.0,0.0,0.0,0.0,0.0,0.0,0.0,0.0,1700.0,0.0,0.0,0.0,0.0,0.0,0.0,0.0,0.0,0.0
2022-07-10,函館,１勝ｸﾗｽ,自己条件,11,デルマタモン,オンファイア,4,横山和生,1700,良,1700.0,2.2,3.2,0.0,ダート,中距離,,,右回り,4歳,0.0,0.0,0.0,0.0,0.0,0.0,0.0,0.0,0.0,2600.0,0.0,0.0,0.0,0.0,0.0,0.0,0.0,0.0,0.0
2022-07-10,函館,未勝利,未勝利,3,セイタード,タイムパラドックス,3,横山和生,1000,良,1300.0,1.6,2.6,0.0,ダート,短距離,,距離短縮,右回り,3歳,0.0,0.0,0.0,0.0,0.0,0.0,0.0,0.0,0.0,3600.0,0.0,0.0,0.0,0.0,0.0,0.0,0.0,0.0,0.0
2022-07-10,函館,新馬,新馬,4,ブラストウェーブ,ハービンジャー,2,横山和生,1800,良,,1.1,1.1,110.0,芝,中距離,,,右回り,2歳,103.4,103.4,103.4,103.95,103.95,103.95,104.5,104.5,104.5,5300.0,5480.2,5480.2,5480.2,5509.35,5509.35,5509.35,5538.5,5538.5,5538.5
2022-07-10,函館,未勝利,未勝利,14,インゲニウム,キンシャサノキセキ,3,横山和生,1200,良,1400.0,12.8,21.7,0.0,芝,短距離,,距離短縮,右回り,3歳,0.0,0.0,0.0,0.0,0.0,0.0,0.0,0.0,0.0,500.0,0.0,0.0,0.0,0.0,0.0,0.0,0.0,0.0,0.0
2022-07-10,函館,未勝利,未勝利,8,フロムドーヴィル,Panis,3,横山和生,1800,良,1000.0,20.1,32.4,0.0,芝,中距離,,距離延長,右回り,3歳,0.0,0.0,0.0,0.0,0.0,0.0,0.0,0.0,0.0,300.0,0.0,0.0,0.0,0.0,0.0,0.0,0.0,0.0,0.0
2022-07-10,函館,未勝利,未勝利,11,カイザーレオン,マクフィ,3,横山和生,1700,良,1700.0,1.4,2.3,200.0,ダート,中距離,,,右回り,3歳,200.0,200.0,200.0,200.0,200.0,200.0,200.0,200.0,200.0,4100.0,8200.0,8200.0,8200.0,8200.0,8200.0,8200.0,8200.0,8200.0,8200.0
2022-07-09,函館,マリーンＨ,OP,12,オメガレインボー,アイルハヴアナザー,6,横山和生,1700,良,1400.0,1.3,1.6,0.0,ダート,中距離,,距離延長,右回り,5歳以上,0.0,0.0,0.0,0.0,0.0,0.0,0.0,0.0,0.0,4500.0,0.0,0.0,0.0,0.0,0.0,0.0,0.0,0.0,0.0
2022-07-09,函館,潮騒特別･2勝,自己条件,9,ヴィアドロローサ,ロードカナロア,3,横山和生,1200,良,1200.0,6.7,12.1,0.0,芝,短距離,,,右回り,3歳,0.0,0.0,0.0,0.0,0.0,0.0,0.0,0.0,0.0,900.0,0.0,0.0,0.0,0.0,0.0,0.0,0.0,0.0,0.0
2022-07-09,函館,北斗特別･1勝,自己条件,4,カメハメハタイム,ドゥラメンテ,3,横山和生,2000,良,1800.0,1.4,1.8,0.0,芝,中距離,,距離延長,右回り,3歳,0.0,0.0,0.0,0.0,0.0,0.0,0.0,0.0,0.0,4100.0,0.0,0.0,0.0,0.0,0.0,0.0,0.0,0.0,0.0
2022-07-09,函館,１勝ｸﾗｽ,自己条件,7,パーティーベル,ハービンジャー,3,横山和生,1700,良,1600.0,1.1,1.5,0.0,ダート,中距離,,距離延長,右回り,3歳,0.0,0.0,0.0,0.0,0.0,0.0,0.0,0.0,0.0,5300.0,0.0,0.0,0.0,0.0,0.0,0.0,0.0,0.0,0.0
2022-07-09,函館,新馬,新馬,2,サクラトップクリス,エピファネイア,2,横山和生,1200,良,,3.5,7.1,530.0,芝,短距離,,,右回り,2歳,530.0,530.0,530.0,530.0,530.0,530.0,530.0,530.0,530.0,1700.0,9010.0,9010.0,9010.0,9010.0,9010.0,9010.0,9010.0,9010.0,9010.0
2022-07-09,函館,未勝利,未勝利,8,シュガービート,ルーラーシップ,3,横山和生,1700,良,1700.0,2.1,3.3,0.0,ダート,中距離,,,右回り,3歳,0.0,0.0,0.0,0.0,0.0,0.0,0.0,0.0,0.0,2800.0,0.0,0.0,0.0,0.0,0.0,0.0,0.0,0.0,0.0
2022-07-03,函館,巴賞,OP,10,モンブランテソーロ,ダノンバラード,6,横山和生,1800,良,1800.0,1.8,2.2,0.0,芝,中距離,,,右回り,5歳以上,0.0,0.0,0.0,0.0,0.0,0.0,0.0,0.0,0.0,3200.0,0.0,0.0,0.0,0.0,0.0,0.0,0.0,0.0,0.0
2022-07-03,函館,竜飛崎特･2勝,自己条件,3,ロスコフ,オルフェーヴル,4,横山和生,1700,稍,1700.0,1.5,2.5,0.0,ダート,中距離,ダ道悪,,右回り,4歳,0.0,0.0,0.0,0.0,0.0,0.0,0.0,0.0,0.0,3900.0,0.0,0.0,0.0,0.0,0.0,0.0,0.0,0.0,0.0
2022-07-03,函館,函館道新･2勝,自己条件,2,ディキシークイーン,ダイワメジャー,5,横山和生,1200,良,1200.0,17.0,26.7,0.0,芝,短距離,,,右回り,5歳以上,0.0,0.0,0.0,0.0,0.0,0.0,0.0,0.0,0.0,300.0,0.0,0.0,0.0,0.0,0.0,0.0,0.0,0.0,0.0
2022-07-03,函館,１勝ｸﾗｽ,自己条件,2,ダイム,オルフェーヴル,3,横山和生,1800,良,1800.0,1.1,1.1,110.0,芝,中距離,,,右回り,3歳,103.4,103.4,103.4,103.95,103.95,103.95,104.5,104.5,104.5,5300.0,5480.2,5480.2,5480.2,5509.35,5509.35,5509.35,5538.5,5538.5,5538.5
2022-07-03,函館,１勝ｸﾗｽ・牝,自己条件,3,セレッソ,ドレフォン,3,横山和生,1700,稍,1800.0,2.4,3.5,0.0,ダート,中距離,ダ道悪,距離短縮,右回り,3歳,0.0,0.0,0.0,0.0,0.0,0.0,0.0,0.0,0.0,2400.0,0.0,0.0,0.0,0.0,0.0,0.0,0.0,0.0,0.0
2022-07-03,函館,未勝利,未勝利,7,マルカフロンターレ,ハービンジャー,3,横山和生,2000,良,2000.0,15.6,23.5,0.0,芝,中距離,,,右回り,3歳,0.0,0.0,0.0,0.0,0.0,0.0,0.0,0.0,0.0,400.0,0.0,0.0,0.0,0.0,0.0,0.0,0.0,0.0,0.0
2022-07-03,函館,新馬,新馬,3,ジューンナックル,タリスマニック,2,横山和生,1800,良,,5.8,9.9,0.0,芝,中距離,,,右回り,2歳,0.0,0.0,0.0,0.0,0.0,0.0,0.0,0.0,0.0,1000.0,0.0,0.0,0.0,0.0,0.0,0.0,0.0,0.0,0.0
2022-07-02,函館,１勝ｸﾗｽ,自己条件,13,カズラポニアン,ヘニーヒューズ,3,横山和生,1700,重,1800.0,1.6,2.5,0.0,ダート,中距離,ダ道悪,距離短縮,右回り,3歳,0.0,0.0,0.0,0.0,0.0,0.0,0.0,0.0,0.0,3600.0,0.0,0.0,0.0,0.0,0.0,0.0,0.0,0.0,0.0
2022-07-02,函館,長万部特･1勝,自己条件,1,タガノスペルノヴァ,モーリス,4,横山和生,1200,稍,1200.0,3.6,5.6,0.0,芝,短距離,芝道悪,,右回り,4歳,0.0,0.0,0.0,0.0,0.0,0.0,0.0,0.0,0.0,1600.0,0.0,0.0,0.0,0.0,0.0,0.0,0.0,0.0,0.0
2022-07-02,函館,１勝ｸﾗｽ,自己条件,1,マンオブカレッジ,ハーツクライ,4,横山和生,2400,重,1700.0,1.8,2.5,0.0,ダート,長距離,ダ道悪,距離延長,右回り,4歳,0.0,0.0,0.0,0.0,0.0,0.0,0.0,0.0,0.0,3200.0,0.0,0.0,0.0,0.0,0.0,0.0,0.0,0.0,0.0
2022-07-02,函館,１勝ｸﾗｽ,自己条件,7,ブラックボイス,ブラックタイド,3,横山和生,2000,稍,2600.0,1.1,1.2,0.0,芝,中距離,芝道悪,距離短縮,右回り,3歳,0.0,0.0,0.0,0.0,0.0,0.0,0.0,0.0,0.0,5300.0,0.0,0.0,0.0,0.0,0.0,0.0,0.0,0.0,0.0
2022-07-02,函館,新馬,新馬,1,ジャスティンカプリ,キンシャサノキセキ,2,横山和生,1200,稍,,1.1,1.6,0.0,芝,短距離,芝道悪,,右回り,2歳,0.0,0.0,0.0,0.0,0.0,0.0,0.0,0.0,0.0,5300.0,0.0,0.0,0.0,0.0,0.0,0.0,0.0,0.0,0.0
2022-07-02,函館,未勝利・牝,未勝利,4,レインボーエンゼル,ゼンノロブロイ,3,横山和生,1700,重,1700.0,1.4,2.3,0.0,ダート,中距離,ダ道悪,,右回り,3歳,0.0,0.0,0.0,0.0,0.0,0.0,0.0,0.0,0.0,4100.0,0.0,0.0,0.0,0.0,0.0,0.0,0.0,0.0,0.0
2022-07-02,函館,未勝利,未勝利,8,ホウオウベリテ,ロードカナロア,3,横山和生,1700,重,1700.0,1.2,2.5,0.0,ダート,中距離,ダ道悪,,右回り,3歳,0.0,0.0,0.0,0.0,0.0,0.0,0.0,0.0,0.0,4800.0,0.0,0.0,0.0,0.0,0.0,0.0,0.0,0.0,0.0
2022-06-26,阪神,リボン賞･2勝,自己条件,3,ノボベルサイユ,リオンディーズ,4,横山和生,1200,良,1200.0,1.9,2.4,0.0,ダート,短距離,,,右回り,4歳,0.0,0.0,0.0,0.0,0.0,0.0,0.0,0.0,0.0,3100.0,0.0,0.0,0.0,0.0,0.0,0.0,0.0,0.0,0.0
2022-06-26,阪神,宝塚記念G1,重賞,6,タイトルホルダー,ドゥラメンテ,4,横山和生,2200,良,3200.0,1.6,2.1,180.0,芝,中距離,,距離短縮,右回り,4歳,169.2,169.2,169.2,170.1,170.1,170.1,171.0,171.0,171.0,3600.0,6091.2,6091.2,6091.2,6123.6,6123.6,6123.6,6156.0,6156.0,6156.0
2022-06-25,函館,青函Ｓ,OP,15,ジュビリーヘッド,ロードカナロア,5,横山和生,1200,良,1200.0,1.3,1.6,140.0,芝,短距離,,,右回り,5歳以上,131.6,131.6,131.6,132.3,132.3,132.3,133.0,133.0,133.0,4500.0,5922.0,5922.0,5922.0,5953.5,5953.5,5953.5,5985.0,5985.0,5985.0
2022-06-25,函館,恵山特別･1勝,自己条件,5,ダイム,オルフェーヴル,3,横山和生,1800,稍,2000.0,1.3,1.6,140.0,芝,中距離,芝道悪,距離短縮,右回り,3歳,131.6,131.6,131.6,132.3,132.3,132.3,133.0,133.0,133.0,4500.0,5922.0,5922.0,5922.0,5953.5,5953.5,5953.5,5985.0,5985.0,5985.0
2022-06-25,函館,未勝利,未勝利,7,モーゲン,モーリス,3,横山和生,2400,重,1700.0,10.5,16.6,0.0,ダート,長距離,ダ道悪,距離延長,右回り,3歳,0.0,0.0,0.0,0.0,0.0,0.0,0.0,0.0,0.0,600.0,0.0,0.0,0.0,0.0,0.0,0.0,0.0,0.0,0.0
2022-06-25,函館,未勝利,未勝利,7,レッドベスティア,ダイワメジャー,3,横山和生,1200,稍,1200.0,1.7,2.5,0.0,芝,短距離,芝道悪,,右回り,3歳,0.0,0.0,0.0,0.0,0.0,0.0,0.0,0.0,0.0,3400.0,0.0,0.0,0.0,0.0,0.0,0.0,0.0,0.0,0.0
2022-06-19,函館,ＵＨＢ杯･3勝,自己条件,10,オメガラヴィサン,ロードカナロア,7,横山和生,1200,良,1200.0,1.7,2.1,0.0,芝,短距離,,,右回り,5歳以上,0.0,0.0,0.0,0.0,0.0,0.0,0.0,0.0,0.0,3400.0,0.0,0.0,0.0,0.0,0.0,0.0,0.0,0.0,0.0
2022-06-19,函館,檜山特Ｈ･2勝,自己条件,13,ロスコフ,オルフェーヴル,4,横山和生,1700,良,1800.0,2.0,2.7,0.0,ダート,中距離,,距離短縮,右回り,4歳,0.0,0.0,0.0,0.0,0.0,0.0,0.0,0.0,0.0,2900.0,0.0,0.0,0.0,0.0,0.0,0.0,0.0,0.0,0.0
2022-06-19,函館,八雲特別･1勝,自己条件,5,スマートワン,エイシンフラッシュ,4,横山和生,1800,良,2000.0,1.2,1.8,0.0,芝,中距離,,距離短縮,右回り,4歳,0.0,0.0,0.0,0.0,0.0,0.0,0.0,0.0,0.0,4800.0,0.0,0.0,0.0,0.0,0.0,0.0,0.0,0.0,0.0
2022-06-19,函館,１勝ｸﾗｽ・牝,自己条件,11,グラスミヤラビ,サトノアラジン,3,横山和生,1200,良,1200.0,1.6,2.2,0.0,芝,短距離,,,右回り,3歳,0.0,0.0,0.0,0.0,0.0,0.0,0.0,0.0,0.0,3600.0,0.0,0.0,0.0,0.0,0.0,0.0,0.0,0.0,0.0
2022-06-19,函館,未勝利・牝,未勝利,1,マーブルケイケー,マクフィ,3,横山和生,1000,良,1200.0,1.3,2.0,140.0,ダート,短距離,,距離短縮,右回り,3歳,131.6,131.6,131.6,132.3,132.3,132.3,133.0,133.0,133.0,4500.0,5922.0,5922.0,5922.0,5953.5,5953.5,5953.5,5985.0,5985.0,5985.0
2022-06-19,函館,未勝利・牝,未勝利,2,レインボーエンゼル,ゼンノロブロイ,3,横山和生,1700,良,1800.0,1.2,3.1,120.0,ダート,中距離,,距離短縮,右回り,3歳,112.8,112.8,112.8,113.4,113.4,113.4,114.0,114.0,114.0,4800.0,5414.4,5414.4,5414.4,5443.2,5443.2,5443.2,5472.0,5472.0,5472.0
2022-06-18,函館,１勝ｸﾗｽ,自己条件,1,デルマタモン,オンファイア,4,横山和生,1700,良,1600.0,2.6,3.8,0.0,ダート,中距離,,距離延長,右回り,4歳,0.0,0.0,0.0,0.0,0.0,0.0,0.0,0.0,0.0,2200.0,0.0,0.0,0.0,0.0,0.0,0.0,0.0,0.0,0.0
2022-06-18,函館,ＳＴＶ杯･2勝,自己条件,10,バトーデュシエル,ロードカナロア,5,横山和生,1200,良,1000.0,1.7,2.8,0.0,芝,短距離,,距離延長,右回り,5歳以上,0.0,0.0,0.0,0.0,0.0,0.0,0.0,0.0,0.0,3400.0,0.0,0.0,0.0,0.0,0.0,0.0,0.0,0.0,0.0
2022-06-18,函館,奥尻特別･1勝,自己条件,8,スカイフォール,キングカメハメハ,3,横山和生,2000,良,1800.0,1.3,4.4,0.0,芝,中距離,,距離延長,右回り,3歳,0.0,0.0,0.0,0.0,0.0,0.0,0.0,0.0,0.0,4500.0,0.0,0.0,0.0,0.0,0.0,0.0,0.0,0.0,0.0
2022-06-18,函館,未勝利,未勝利,2,パリヘンジ,キングカメハメハ,3,横山和生,1700,良,2200.0,2.4,3.7,330.0,ダート,中距離,,距離短縮,右回り,3歳,330.0,330.0,330.0,330.0,330.0,330.0,330.0,330.0,330.0,2400.0,7920.0,7920.0,7920.0,7920.0,7920.0,7920.0,7920.0,7920.0,7920.0
2022-06-12,函館,１勝ｸﾗｽ,自己条件,10,シュルレアリスト,オルフェーヴル,4,横山和生,1700,良,1700.0,2.2,3.5,0.0,ダート,中距離,,,右回り,4歳,0.0,0.0,0.0,0.0,0.0,0.0,0.0,0.0,0.0,2600.0,0.0,0.0,0.0,0.0,0.0,0.0,0.0,0.0,0.0
2022-06-12,函館,函館スプG3,重賞,11,ジュビリーヘッド,ロードカナロア,5,横山和生,1200,良,1200.0,4.0,6.4,490.0,芝,短距離,,,右回り,5歳以上,490.0,490.0,490.0,490.0,490.0,490.0,490.0,490.0,490.0,1400.0,6860.0,6860.0,6860.0,6860.0,6860.0,6860.0,6860.0,6860.0,6860.0
2022-06-12,函館,遊楽部特･1勝,自己条件,12,オーソレミオ,ディープインパクト,3,横山和生,1800,良,1800.0,1.4,2.0,0.0,芝,中距離,,,右回り,3歳,0.0,0.0,0.0,0.0,0.0,0.0,0.0,0.0,0.0,4100.0,0.0,0.0,0.0,0.0,0.0,0.0,0.0,0.0,0.0
2022-06-12,函館,１勝ｸﾗｽ,自己条件,2,グラスミヤラビ,サトノアラジン,3,横山和生,1200,良,1000.0,1.9,2.9,0.0,芝,短距離,,距離延長,右回り,3歳,0.0,0.0,0.0,0.0,0.0,0.0,0.0,0.0,0.0,3100.0,0.0,0.0,0.0,0.0,0.0,0.0,0.0,0.0,0.0
2022-06-12,函館,１勝ｸﾗｽ,自己条件,2,アウトパフォーム,Outstrip,3,横山和生,1000,良,1400.0,2.0,2.8,0.0,ダート,短距離,,距離短縮,右回り,3歳,0.0,0.0,0.0,0.0,0.0,0.0,0.0,0.0,0.0,2900.0,0.0,0.0,0.0,0.0,0.0,0.0,0.0,0.0,0.0
2022-06-12,函館,新馬,新馬,3,エリカキルシェ,マインドユアビスケッツ,2,横山和生,1200,良,,1.1,1.4,0.0,芝,短距離,,,右回り,2歳,0.0,0.0,0.0,0.0,0.0,0.0,0.0,0.0,0.0,5300.0,0.0,0.0,0.0,0.0,0.0,0.0,0.0,0.0,0.0
2022-06-12,函館,未勝利,未勝利,1,ホウオウベリテ,ロードカナロア,3,横山和生,1700,良,1800.0,1.2,1.5,0.0,ダート,中距離,,距離短縮,右回り,3歳,0.0,0.0,0.0,0.0,0.0,0.0,0.0,0.0,0.0,4800.0,0.0,0.0,0.0,0.0,0.0,0.0,0.0,0.0,0.0
2022-06-12,函館,未勝利,未勝利,11,レッドベスティア,ダイワメジャー,3,横山和生,1200,良,1200.0,2.6,5.3,0.0,芝,短距離,,,右回り,3歳,0.0,0.0,0.0,0.0,0.0,0.0,0.0,0.0,0.0,2200.0,0.0,0.0,0.0,0.0,0.0,0.0,0.0,0.0,0.0
2022-06-11,函館,１勝ｸﾗｽ,自己条件,14,マンオブカレッジ,ハーツクライ,4,横山和生,1700,良,1900.0,1.3,1.8,0.0,ダート,中距離,,距離短縮,右回り,4歳,0.0,0.0,0.0,0.0,0.0,0.0,0.0,0.0,0.0,4500.0,0.0,0.0,0.0,0.0,0.0,0.0,0.0,0.0,0.0
2022-06-11,函館,函館日刊･2勝,自己条件,7,カバーガール,ダイワメジャー,4,横山和生,1200,良,1200.0,7.2,11.3,0.0,芝,短距離,,,右回り,4歳,0.0,0.0,0.0,0.0,0.0,0.0,0.0,0.0,0.0,800.0,0.0,0.0,0.0,0.0,0.0,0.0,0.0,0.0,0.0
2022-06-11,函館,駒ケ岳特･1勝,自己条件,11,ブラックボイス,ブラックタイド,3,横山和生,2600,良,2200.0,1.3,1.7,140.0,芝,長距離,,距離延長,右回り,3歳,131.6,131.6,131.6,132.3,132.3,132.3,133.0,133.0,133.0,4500.0,5922.0,5922.0,5922.0,5953.5,5953.5,5953.5,5985.0,5985.0,5985.0
2022-06-11,函館,１勝ｸﾗｽ,自己条件,12,フィレンツェ,ジャスタウェイ,3,横山和生,2000,良,2000.0,2.1,3.0,210.0,芝,中距離,,,右回り,3歳,210.0,210.0,210.0,210.0,210.0,210.0,210.0,210.0,210.0,2800.0,5880.0,5880.0,5880.0,5880.0,5880.0,5880.0,5880.0,5880.0,5880.0
2022-06-11,函館,未勝利・牝,未勝利,5,サトノゼノビア,ディープインパクト,3,横山和生,1700,良,1800.0,4.8,9.3,0.0,ダート,中距離,,距離短縮,右回り,3歳,0.0,0.0,0.0,0.0,0.0,0.0,0.0,0.0,0.0,1200.0,0.0,0.0,0.0,0.0,0.0,0.0,0.0,0.0,0.0
2022-06-11,函館,未勝利,未勝利,4,フロムドーヴィル,Panis,3,横山和生,1200,良,1200.0,12.7,19.5,0.0,芝,短距離,,,右回り,3歳,0.0,0.0,0.0,0.0,0.0,0.0,0.0,0.0,0.0,500.0,0.0,0.0,0.0,0.0,0.0,0.0,0.0,0.0,0.0
2022-06-05,東京,麦秋Ｓ･3勝,自己条件,15,タイセイサムソン,メイショウサムソン,4,横山和生,1400,良,1400.0,1.7,2.1,190.0,ダート,短距離,,,左回り,4歳,178.6,178.6,178.6,179.55,179.55,179.55,180.5,180.5,180.5,3400.0,6072.4,6072.4,6072.4,6104.7,6104.7,6104.7,6137.0,6137.0,6137.0
2022-06-05,東京,１勝ｸﾗｽ,自己条件,4,ストロングカレント,エスポワールシチー,4,横山和生,1400,良,1600.0,11.6,17.0,0.0,ダート,短距離,,距離短縮,左回り,4歳,0.0,0.0,0.0,0.0,0.0,0.0,0.0,0.0,0.0,500.0,0.0,0.0,0.0,0.0,0.0,0.0,0.0,0.0,0.0
2022-06-04,東京,アハルテ,OP,14,ホウオウトゥルース,アイルハヴアナザー,6,横山和生,1600,良,1600.0,12.3,20.9,0.0,ダート,短距離,,,左回り,5歳以上,0.0,0.0,0.0,0.0,0.0,0.0,0.0,0.0,0.0,500.0,0.0,0.0,0.0,0.0,0.0,0.0,0.0,0.0,0.0
2022-06-04,東京,由比ヶＨ･2勝,自己条件,6,ウィスパリンホープ,ハーツクライ,5,横山和生,1400,良,1400.0,1.4,2.2,0.0,芝,短距離,,,左回り,5歳以上,0.0,0.0,0.0,0.0,0.0,0.0,0.0,0.0,0.0,4100.0,0.0,0.0,0.0,0.0,0.0,0.0,0.0,0.0,0.0
2022-06-04,東京,１勝ｸﾗｽ,自己条件,14,トーセンインディゴ,ダイワメジャー,4,横山和生,1600,良,1800.0,2.7,4.5,0.0,ダート,短距離,,距離短縮,左回り,4歳,0.0,0.0,0.0,0.0,0.0,0.0,0.0,0.0,0.0,2100.0,0.0,0.0,0.0,0.0,0.0,0.0,0.0,0.0,0.0
2022-06-04,東京,１勝ｸﾗｽ・牝,自己条件,6,エレガントチャーム,ルーラーシップ,5,横山和生,2000,良,1800.0,1.7,9.2,330.0,芝,中距離,,距離延長,左回り,5歳以上,330.0,330.0,330.0,330.0,330.0,330.0,330.0,330.0,330.0,3400.0,11220.0,11220.0,11220.0,11220.0,11220.0,11220.0,11220.0,11220.0,11220.0
2022-06-04,東京,新馬,新馬,8,トーセントゥーリオ,マクマホン,2,横山和生,1600,良,,17.4,33.1,0.0,芝,短距離,,,左回り,2歳,0.0,0.0,0.0,0.0,0.0,0.0,0.0,0.0,0.0,300.0,0.0,0.0,0.0,0.0,0.0,0.0,0.0,0.0,0.0
2022-06-04,東京,未勝利,未勝利,16,ミスボニータ,イスラボニータ,3,横山和生,1400,良,1600.0,1.4,1.8,150.0,芝,短距離,,距離短縮,左回り,3歳,141.0,141.0,141.0,141.75,141.75,141.75,142.5,142.5,142.5,4100.0,5781.0,5781.0,5781.0,5811.75,5811.75,5811.75,5842.5,5842.5,5842.5
2022-06-04,東京,未勝利,未勝利,15,ベッサスタージル,ベーカバド,3,横山和生,1600,稍,1600.0,1.8,2.8,210.0,ダート,短距離,ダ道悪,,左回り,3歳,210.0,210.0,210.0,210.0,210.0,210.0,210.0,210.0,210.0,3200.0,6720.0,6720.0,6720.0,6720.0,6720.0,6720.0,6720.0,6720.0,6720.0
2022-06-04,東京,未勝利・牝,未勝利,5,マジョリー,ビッグアーサー,3,横山和生,1400,稍,1200.0,2.8,16.0,0.0,ダート,短距離,ダ道悪,距離延長,左回り,3歳,0.0,0.0,0.0,0.0,0.0,0.0,0.0,0.0,0.0,2100.0,0.0,0.0,0.0,0.0,0.0,0.0,0.0,0.0,0.0
2022-05-29,東京,東京優駿G1,重賞,4,マテンロウレオ,ハーツクライ,3,横山和生,2400,良,2000.0,24.6,38.9,0.0,芝,長距離,,距離延長,左回り,3歳,0.0,0.0,0.0,0.0,0.0,0.0,0.0,0.0,0.0,200.0,0.0,0.0,0.0,0.0,0.0,0.0,0.0,0.0,0.0
2022-05-29,東京,むらさＨ･3勝,自己条件,7,ドンナセレーノ,Lord Kanaloa,4,横山和生,1800,良,1800.0,2.6,3.9,0.0,芝,中距離,,,左回り,4歳,0.0,0.0,0.0,0.0,0.0,0.0,0.0,0.0,0.0,2200.0,0.0,0.0,0.0,0.0,0.0,0.0,0.0,0.0,0.0
2022-05-29,東京,１勝ｸﾗｽ,自己条件,4,エープラス,キズナ,4,横山和生,1400,良,1600.0,2.8,4.9,0.0,ダート,短距離,,距離短縮,左回り,4歳,0.0,0.0,0.0,0.0,0.0,0.0,0.0,0.0,0.0,2100.0,0.0,0.0,0.0,0.0,0.0,0.0,0.0,0.0,0.0
2022-05-29,東京,１勝ｸﾗｽ*,自己条件,15,エルバリオ,ドレフォン,3,横山和生,1600,良,1700.0,3.1,4.7,0.0,ダート,短距離,,距離短縮,左回り,3歳,0.0,0.0,0.0,0.0,0.0,0.0,0.0,0.0,0.0,1900.0,0.0,0.0,0.0,0.0,0.0,0.0,0.0,0.0,0.0
2022-05-29,東京,未勝利・牝,未勝利,3,オーエンズテソーロ,ラブリーデイ,3,横山和生,1400,稍,1400.0,1.9,4.0,370.0,ダート,短距離,ダ道悪,,左回り,3歳,370.0,370.0,370.0,370.0,370.0,370.0,370.0,370.0,370.0,3100.0,11470.0,11470.0,11470.0,11470.0,11470.0,11470.0,11470.0,11470.0,11470.0
2022-05-28,中京,２勝ｸﾗｽ,自己条件,12,ノボベルサイユ,リオンディーズ,4,横山和生,1200,稍,1200.0,8.7,14.4,0.0,ダート,短距離,ダ道悪,,左回り,4歳,0.0,0.0,0.0,0.0,0.0,0.0,0.0,0.0,0.0,700.0,0.0,0.0,0.0,0.0,0.0,0.0,0.0,0.0,0.0
2022-05-28,中京,葵ＳG3,重賞,8,ヴィアドロローサ,ロードカナロア,3,横山和生,1200,良,1400.0,8.0,10.7,0.0,芝,短距離,,距離短縮,左回り,3歳,0.0,0.0,0.0,0.0,0.0,0.0,0.0,0.0,0.0,700.0,0.0,0.0,0.0,0.0,0.0,0.0,0.0,0.0,0.0
2022-05-28,中京,伊勢Ｓ･3勝,自己条件,12,ノーブルシルエット,シニスターミニスター,4,横山和生,1900,稍,1700.0,1.6,2.2,190.0,ダート,中距離,ダ道悪,距離延長,左回り,4歳,178.6,178.6,178.6,179.55,179.55,179.55,180.5,180.5,180.5,3600.0,6429.6,6429.6,6429.6,6463.8,6463.8,6463.8,6498.0,6498.0,6498.0
2022-05-28,中京,御在所特･2勝,自己条件,8,ファジェス,モーリス,4,横山和生,2000,良,1800.0,3.8,6.0,0.0,芝,中距離,,距離延長,左回り,4歳,0.0,0.0,0.0,0.0,0.0,0.0,0.0,0.0,0.0,1500.0,0.0,0.0,0.0,0.0,0.0,0.0,0.0,0.0,0.0
2022-05-28,中京,未勝利,未勝利,9,リヴィア,Galileo,3,横山和生,2200,良,2000.0,7.1,12.8,790.0,芝,中距離,,距離延長,左回り,3歳,790.0,790.0,790.0,790.0,790.0,790.0,790.0,790.0,790.0,800.0,6320.0,6320.0,6320.0,6320.0,6320.0,6320.0,6320.0,6320.0,6320.0
2022-05-28,中京,未勝利・牝,未勝利,15,セントレア,ハーツクライ,3,横山和生,1800,重,1700.0,20.0,34.9,0.0,ダート,中距離,ダ道悪,距離延長,左回り,3歳,0.0,0.0,0.0,0.0,0.0,0.0,0.0,0.0,0.0,300.0,0.0,0.0,0.0,0.0,0.0,0.0,0.0,0.0,0.0
2022-05-22,東京,丹沢ＳＨ･3勝,自己条件,5,ホウオウエーデル,ジャスタウェイ,6,横山和生,2100,良,2100.0,5.4,8.4,0.0,ダート,中距離,,,左回り,5歳以上,0.0,0.0,0.0,0.0,0.0,0.0,0.0,0.0,0.0,1100.0,0.0,0.0,0.0,0.0,0.0,0.0,0.0,0.0,0.0
2022-05-22,東京,優駿牝馬G1,重賞,12,ライラック,オルフェーヴル,3,横山和生,2400,良,1600.0,7.8,12.0,0.0,芝,長距離,,距離延長,左回り,3歳,0.0,0.0,0.0,0.0,0.0,0.0,0.0,0.0,0.0,700.0,0.0,0.0,0.0,0.0,0.0,0.0,0.0,0.0,0.0
2022-05-22,東京,１勝ｸﾗｽ,自己条件,1,デルマタモン,オンファイア,4,横山和生,1600,良,1700.0,2.2,3.3,0.0,ダート,短距離,,距離短縮,左回り,4歳,0.0,0.0,0.0,0.0,0.0,0.0,0.0,0.0,0.0,2600.0,0.0,0.0,0.0,0.0,0.0,0.0,0.0,0.0,0.0
2022-05-22,東京,１勝ｸﾗｽ*,自己条件,14,シャインフォール,ロードカナロア,3,横山和生,1400,良,1400.0,3.0,5.0,0.0,ダート,短距離,,,左回り,3歳,0.0,0.0,0.0,0.0,0.0,0.0,0.0,0.0,0.0,1900.0,0.0,0.0,0.0,0.0,0.0,0.0,0.0,0.0,0.0
2022-05-21,東京,高尾特別･2勝,自己条件,1,アラビアンナイト,エピファネイア,4,横山和生,1400,稍,1600.0,1.7,2.5,0.0,芝,短距離,芝道悪,距離短縮,左回り,4歳,0.0,0.0,0.0,0.0,0.0,0.0,0.0,0.0,0.0,3400.0,0.0,0.0,0.0,0.0,0.0,0.0,0.0,0.0,0.0
2022-05-21,東京,カーネー･1勝,自己条件,13,コントディヴェール,ブラックタイド,3,横山和生,1800,稍,1800.0,1.7,2.3,0.0,芝,中距離,芝道悪,,左回り,3歳,0.0,0.0,0.0,0.0,0.0,0.0,0.0,0.0,0.0,3400.0,0.0,0.0,0.0,0.0,0.0,0.0,0.0,0.0,0.0
2022-05-21,東京,未勝利・牝,未勝利,8,クインズステラ,ジャスタウェイ,3,横山和生,1600,良,1600.0,1.6,3.0,0.0,ダート,短距離,,,左回り,3歳,0.0,0.0,0.0,0.0,0.0,0.0,0.0,0.0,0.0,3600.0,0.0,0.0,0.0,0.0,0.0,0.0,0.0,0.0,0.0
2022-05-15,中京,栗東ＳＨ(L),OP,4,オメガレインボー,アイルハヴアナザー,6,横山和生,1400,稍,1800.0,1.5,1.9,160.0,ダート,短距離,ダ道悪,距離短縮,左回り,5歳以上,150.4,150.4,150.4,151.2,151.2,151.2,152.0,152.0,152.0,3900.0,5865.6,5865.6,5865.6,5896.8,5896.8,5896.8,5928.0,5928.0,5928.0
2022-05-15,中京,志摩Ｓ･3勝,自己条件,2,ヴァトレニ,グラスワンダー,4,横山和生,1600,良,1600.0,1.7,3.6,170.0,芝,短距離,,,左回り,4歳,159.8,159.8,159.8,160.65,160.65,160.65,161.5,161.5,161.5,3400.0,5433.2,5433.2,5433.2,5462.1,5462.1,5462.1,5491.0,5491.0,5491.0
2022-05-15,中京,１勝ｸﾗｽ・牝*,自己条件,4,タマモタップダンス,エスポワールシチー,3,横山和生,1800,重,1800.0,1.6,3.8,170.0,ダート,中距離,ダ道悪,,左回り,3歳,159.8,159.8,159.8,160.65,160.65,160.65,161.5,161.5,161.5,3600.0,5752.8,5752.8,5752.8,5783.4,5783.4,5783.4,5814.0,5814.0,5814.0
2022-05-15,中京,未勝利,未勝利,2,テーオーアリエス,ダイワメジャー,3,横山和生,2000,良,1800.0,1.3,3.5,140.0,芝,中距離,,距離延長,左回り,3歳,131.6,131.6,131.6,132.3,132.3,132.3,133.0,133.0,133.0,4500.0,5922.0,5922.0,5922.0,5953.5,5953.5,5953.5,5985.0,5985.0,5985.0
2022-05-15,中京,未勝利,未勝利,9,カルネ,ディープインパクト,3,横山和生,1400,良,1200.0,2.5,4.0,0.0,芝,短距離,,距離延長,左回り,3歳,0.0,0.0,0.0,0.0,0.0,0.0,0.0,0.0,0.0,2300.0,0.0,0.0,0.0,0.0,0.0,0.0,0.0,0.0,0.0
2022-05-14,東京,２勝ｸﾗｽ,自己条件,13,ストラテジーマップ,ディープインパクト,5,横山和生,1600,重,1800.0,2.4,3.2,0.0,ダート,短距離,ダ道悪,距離短縮,左回り,5歳以上,0.0,0.0,0.0,0.0,0.0,0.0,0.0,0.0,0.0,2400.0,0.0,0.0,0.0,0.0,0.0,0.0,0.0,0.0,0.0
2022-05-14,東京,緑風Ｓ･3勝,自己条件,9,ボーンジーニアス,ナカヤマフェスタ,4,横山和生,2400,良,2600.0,1.9,2.8,0.0,芝,長距離,,距離短縮,左回り,4歳,0.0,0.0,0.0,0.0,0.0,0.0,0.0,0.0,0.0,3100.0,0.0,0.0,0.0,0.0,0.0,0.0,0.0,0.0,0.0
2022-05-14,東京,１勝ｸﾗｽ,自己条件,8,イッツユアタイム,エピファネイア,4,横山和生,1600,稍,1400.0,1.2,1.6,0.0,芝,短距離,芝道悪,距離延長,左回り,4歳,0.0,0.0,0.0,0.0,0.0,0.0,0.0,0.0,0.0,4800.0,0.0,0.0,0.0,0.0,0.0,0.0,0.0,0.0,0.0
2022-05-14,東京,未勝利,未勝利,13,ベッサスタージル,ベーカバド,3,横山和生,1600,不,1600.0,1.4,1.9,0.0,ダート,短距離,ダ道悪,,左回り,3歳,0.0,0.0,0.0,0.0,0.0,0.0,0.0,0.0,0.0,4100.0,0.0,0.0,0.0,0.0,0.0,0.0,0.0,0.0,0.0
2022-05-08,東京,ＮＨＫマG1,重賞,15,オタルエバー,リオンディーズ,3,横山和生,1600,良,1400.0,17.9,27.3,0.0,芝,短距離,,距離延長,左回り,3歳,0.0,0.0,0.0,0.0,0.0,0.0,0.0,0.0,0.0,300.0,0.0,0.0,0.0,0.0,0.0,0.0,0.0,0.0,0.0
2022-05-08,東京,１勝ｸﾗｽ,自己条件,4,ショウナンパワフル,ルーラーシップ,4,横山和生,2000,良,1600.0,5.7,22.3,0.0,芝,中距離,,距離延長,左回り,4歳,0.0,0.0,0.0,0.0,0.0,0.0,0.0,0.0,0.0,1000.0,0.0,0.0,0.0,0.0,0.0,0.0,0.0,0.0,0.0
2022-05-08,東京,１勝ｸﾗｽ*,自己条件,6,パーティーベル,ハービンジャー,3,横山和生,1600,良,1800.0,1.3,1.7,0.0,ダート,短距離,,距離短縮,左回り,3歳,0.0,0.0,0.0,0.0,0.0,0.0,0.0,0.0,0.0,4500.0,0.0,0.0,0.0,0.0,0.0,0.0,0.0,0.0,0.0
2022-05-08,東京,未勝利,未勝利,6,フォーワンセルフ,パイロ,3,横山和生,1600,良,1800.0,1.1,1.1,110.0,ダート,短距離,,距離短縮,左回り,3歳,103.4,103.4,103.4,103.95,103.95,103.95,104.5,104.5,104.5,5300.0,5480.2,5480.2,5480.2,5509.35,5509.35,5509.35,5538.5,5538.5,5538.5
2022-05-07,東京,２勝ｸﾗｽ,自己条件,8,ウィスパリンホープ,ハーツクライ,5,横山和生,1400,良,1400.0,1.4,2.9,140.0,芝,短距離,,,左回り,5歳以上,131.6,131.6,131.6,132.3,132.3,132.3,133.0,133.0,133.0,4100.0,5395.6,5395.6,5395.6,5424.3,5424.3,5424.3,5453.0,5453.0,5453.0
2022-05-07,東京,プリンシ(L),OP,16,ディナースタ,ドゥラメンテ,3,横山和生,2000,良,2200.0,7.1,9.9,0.0,芝,中距離,,距離短縮,左回り,3歳,0.0,0.0,0.0,0.0,0.0,0.0,0.0,0.0,0.0,800.0,0.0,0.0,0.0,0.0,0.0,0.0,0.0,0.0,0.0
2022-05-07,東京,立夏Ｓ･3勝,自己条件,6,サンライズウルス,ヘニーヒューズ,4,横山和生,1600,良,1800.0,1.2,1.5,140.0,ダート,短距離,,距離短縮,左回り,4歳,131.6,131.6,131.6,132.3,132.3,132.3,133.0,133.0,133.0,4800.0,6316.8,6316.8,6316.8,6350.4,6350.4,6350.4,6384.0,6384.0,6384.0
2022-05-07,東京,１勝ｸﾗｽ*,自己条件,7,アウトパフォーム,Outstrip,3,横山和生,1400,良,1200.0,6.3,9.6,0.0,芝,短距離,,距離延長,左回り,3歳,0.0,0.0,0.0,0.0,0.0,0.0,0.0,0.0,0.0,900.0,0.0,0.0,0.0,0.0,0.0,0.0,0.0,0.0,0.0
2022-05-07,東京,未勝利,未勝利,6,クインズステラ,ジャスタウェイ,3,横山和生,1600,良,1600.0,1.5,2.1,0.0,芝,短距離,,,左回り,3歳,0.0,0.0,0.0,0.0,0.0,0.0,0.0,0.0,0.0,3900.0,0.0,0.0,0.0,0.0,0.0,0.0,0.0,0.0,0.0
2022-05-07,東京,未勝利,未勝利,9,シャインフォール,ロードカナロア,3,横山和生,1400,良,2000.0,2.0,3.6,310.0,ダート,短距離,,距離短縮,左回り,3歳,310.0,310.0,310.0,310.0,310.0,310.0,310.0,310.0,310.0,2900.0,8990.0,8990.0,8990.0,8990.0,8990.0,8990.0,8990.0,8990.0,8990.0
2022-05-01,阪神,天皇賞春G1,重賞,16,タイトルホルダー,ドゥラメンテ,4,横山和生,3200,稍,2500.0,1.7,2.6,180.0,芝,長距離,芝道悪,距離延長,右回り,4歳,169.2,169.2,169.2,170.1,170.1,170.1,171.0,171.0,171.0,3400.0,5752.8,5752.8,5752.8,5783.4,5783.4,5783.4,5814.0,5814.0,5814.0
2022-05-01,阪神,未勝利,未勝利,9,ジョーリベリカ,ジョーカプチーノ,3,横山和生,1200,不,1200.0,2.0,3.4,0.0,ダート,短距離,ダ道悪,,右回り,3歳,0.0,0.0,0.0,0.0,0.0,0.0,0.0,0.0,0.0,2900.0,0.0,0.0,0.0,0.0,0.0,0.0,0.0,0.0,0.0
2022-05-01,阪神,未勝利・牝,未勝利,4,タイセイシュネル,ノヴェリスト,3,横山和生,1800,不,1800.0,6.3,22.2,0.0,ダート,中距離,ダ道悪,,右回り,3歳,0.0,0.0,0.0,0.0,0.0,0.0,0.0,0.0,0.0,900.0,0.0,0.0,0.0,0.0,0.0,0.0,0.0,0.0,0.0
2022-04-30,東京,２勝ｸﾗｽ,自己条件,11,メラーキ,ハーツクライ,5,横山和生,2100,重,2400.0,3.5,5.3,0.0,ダート,中距離,ダ道悪,距離短縮,左回り,5歳以上,0.0,0.0,0.0,0.0,0.0,0.0,0.0,0.0,0.0,1700.0,0.0,0.0,0.0,0.0,0.0,0.0,0.0,0.0,0.0
2022-04-30,東京,府中Ｓ･3勝,自己条件,17,モリノカンナチャン,ハービンジャー,4,横山和生,2000,良,1800.0,6.1,10.8,0.0,芝,中距離,,距離延長,左回り,4歳,0.0,0.0,0.0,0.0,0.0,0.0,0.0,0.0,0.0,1000.0,0.0,0.0,0.0,0.0,0.0,0.0,0.0,0.0,0.0
2022-04-30,東京,横浜Ｓ･3勝,自己条件,10,ウシュバテソーロ,オルフェーヴル,5,横山和生,2100,重,2000.0,4.0,6.2,480.0,ダート,中距離,ダ道悪,距離延長,左回り,5歳以上,480.0,480.0,480.0,480.0,480.0,480.0,480.0,480.0,480.0,1400.0,6720.0,6720.0,6720.0,6720.0,6720.0,6720.0,6720.0,6720.0,6720.0
2022-04-30,東京,１勝ｸﾗｽ,自己条件,11,デルマジゾウ,アーネストリー,4,横山和生,1600,重,1200.0,6.2,10.6,0.0,ダート,短距離,ダ道悪,距離延長,左回り,4歳,0.0,0.0,0.0,0.0,0.0,0.0,0.0,0.0,0.0,900.0,0.0,0.0,0.0,0.0,0.0,0.0,0.0,0.0,0.0
2022-04-30,東京,未勝利,未勝利,1,ポッドヴァイン,ジャングルポケット,3,横山和生,2000,稍,2000.0,1.3,2.1,150.0,芝,中距離,芝道悪,,左回り,3歳,141.0,141.0,141.0,141.75,141.75,141.75,142.5,142.5,142.5,4500.0,6345.0,6345.0,6345.0,6378.75,6378.75,6378.75,6412.5,6412.5,6412.5
2022-04-30,東京,未勝利・牝,未勝利,6,ノアチェリー,ロゴタイプ,3,横山和生,1600,稍,2000.0,2.7,6.0,0.0,芝,短距離,芝道悪,距離短縮,左回り,3歳,0.0,0.0,0.0,0.0,0.0,0.0,0.0,0.0,0.0,2100.0,0.0,0.0,0.0,0.0,0.0,0.0,0.0,0.0,0.0
2022-04-30,東京,未勝利,未勝利,16,ドリームビリーバー,ドレフォン,3,横山和生,1600,不,1800.0,1.7,2.6,0.0,ダート,短距離,ダ道悪,距離短縮,左回り,3歳,0.0,0.0,0.0,0.0,0.0,0.0,0.0,0.0,0.0,3400.0,0.0,0.0,0.0,0.0,0.0,0.0,0.0,0.0,0.0
2022-04-30,東京,未勝利・牝,未勝利,2,ディオアステリア,ザファクター,3,横山和生,1400,不,1200.0,1.9,3.6,0.0,ダート,短距離,ダ道悪,距離延長,左回り,3歳,0.0,0.0,0.0,0.0,0.0,0.0,0.0,0.0,0.0,3100.0,0.0,0.0,0.0,0.0,0.0,0.0,0.0,0.0,0.0
2022-04-24,東京,２勝ｸﾗｽ,自己条件,8,ジェロボーム,アイルハヴアナザー,5,横山和生,1600,稍,1600.0,3.4,4.9,0.0,ダート,短距離,ダ道悪,,左回り,5歳以上,0.0,0.0,0.0,0.0,0.0,0.0,0.0,0.0,0.0,1700.0,0.0,0.0,0.0,0.0,0.0,0.0,0.0,0.0,0.0
2022-04-24,東京,フローラG2,重賞,10,ホウオウバニラ,ドゥラメンテ,3,横山和生,2000,良,1800.0,3.9,5.9,0.0,芝,中距離,,距離延長,左回り,3歳,0.0,0.0,0.0,0.0,0.0,0.0,0.0,0.0,0.0,1500.0,0.0,0.0,0.0,0.0,0.0,0.0,0.0,0.0,0.0
2022-04-24,東京,鎌倉Ｓ･3勝,自己条件,16,ファシネートゼット,ヘニーヒューズ,5,横山和生,1400,稍,1400.0,6.5,25.0,650.0,ダート,短距離,ダ道悪,,左回り,5歳以上,650.0,650.0,650.0,650.0,650.0,650.0,650.0,650.0,650.0,900.0,5850.0,5850.0,5850.0,5850.0,5850.0,5850.0,5850.0,5850.0,5850.0
2022-04-24,東京,石和特別･2勝,自己条件,1,ドンナセレーノ,Lord Kanaloa,4,横山和生,1800,良,1800.0,1.6,4.8,170.0,芝,中距離,,,左回り,4歳,159.8,159.8,159.8,160.65,160.65,160.65,161.5,161.5,161.5,3600.0,5752.8,5752.8,5752.8,5783.4,5783.4,5783.4,5814.0,5814.0,5814.0
2022-04-24,東京,１勝ｸﾗｽ,自己条件,10,ココリホウオウ,ワールドエース,4,横山和生,1600,良,1600.0,1.4,2.6,220.0,芝,短距離,,,左回り,4歳,220.0,220.0,220.0,220.0,220.0,220.0,220.0,220.0,220.0,4100.0,9020.0,9020.0,9020.0,9020.0,9020.0,9020.0,9020.0,9020.0,9020.0
2022-04-24,東京,未勝利,未勝利,5,ギンザデノムオトコ,トゥザワールド,3,横山和生,2400,良,1800.0,23.1,54.8,0.0,芝,長距離,,距離延長,左回り,3歳,0.0,0.0,0.0,0.0,0.0,0.0,0.0,0.0,0.0,300.0,0.0,0.0,0.0,0.0,0.0,0.0,0.0,0.0,0.0
2022-04-24,東京,未勝利,未勝利,4,ベッサスタージル,ベーカバド,3,横山和生,1600,良,1800.0,1.6,2.5,0.0,ダート,短距離,,距離短縮,左回り,3歳,0.0,0.0,0.0,0.0,0.0,0.0,0.0,0.0,0.0,3600.0,0.0,0.0,0.0,0.0,0.0,0.0,0.0,0.0,0.0
2022-04-24,東京,未勝利・牝,未勝利,8,メイリトルラバー,パイロ,3,横山和生,1400,良,1200.0,1.5,4.9,0.0,ダート,短距離,,距離延長,左回り,3歳,0.0,0.0,0.0,0.0,0.0,0.0,0.0,0.0,0.0,3900.0,0.0,0.0,0.0,0.0,0.0,0.0,0.0,0.0,0.0
2022-04-23,東京,２勝ｸﾗｽ,自己条件,7,タイセイサムソン,メイショウサムソン,4,横山和生,1400,稍,1400.0,2.0,2.7,220.0,ダート,短距離,ダ道悪,,左回り,4歳,220.0,220.0,220.0,220.0,220.0,220.0,220.0,220.0,220.0,2900.0,6380.0,6380.0,6380.0,6380.0,6380.0,6380.0,6380.0,6380.0,6380.0
2022-04-23,東京,オアシス(L),OP,8,ホウオウトゥルース,アイルハヴアナザー,6,横山和生,1600,稍,1900.0,19.5,27.0,0.0,ダート,短距離,ダ道悪,距離短縮,左回り,5歳以上,0.0,0.0,0.0,0.0,0.0,0.0,0.0,0.0,0.0,300.0,0.0,0.0,0.0,0.0,0.0,0.0,0.0,0.0,0.0
2022-04-23,東京,晩春ＳＨ･3勝,自己条件,10,アントリューズ,ロードカナロア,6,横山和生,1400,良,1400.0,6.4,8.9,0.0,芝,短距離,,,左回り,5歳以上,0.0,0.0,0.0,0.0,0.0,0.0,0.0,0.0,0.0,900.0,0.0,0.0,0.0,0.0,0.0,0.0,0.0,0.0,0.0
2022-04-23,東京,新緑賞･1勝*,自己条件,7,ゼッフィーロ,ディープインパクト,3,横山和生,2300,良,1800.0,1.7,2.5,200.0,芝,長距離,,距離延長,左回り,3歳,200.0,200.0,200.0,200.0,200.0,200.0,200.0,200.0,200.0,3400.0,6800.0,6800.0,6800.0,6800.0,6800.0,6800.0,6800.0,6800.0,6800.0
2022-04-23,東京,２勝ｸﾗｽ・牝,自己条件,4,ウィスパリンホープ,ハーツクライ,5,横山和生,1400,良,1400.0,3.0,4.7,0.0,芝,短距離,,,左回り,5歳以上,0.0,0.0,0.0,0.0,0.0,0.0,0.0,0.0,0.0,1900.0,0.0,0.0,0.0,0.0,0.0,0.0,0.0,0.0,0.0
2022-04-23,東京,１勝ｸﾗｽ,自己条件,16,ブラックパンサー,エピファネイア,4,横山和生,1400,稍,1400.0,1.3,1.7,0.0,ダート,短距離,ダ道悪,,左回り,4歳,0.0,0.0,0.0,0.0,0.0,0.0,0.0,0.0,0.0,4500.0,0.0,0.0,0.0,0.0,0.0,0.0,0.0,0.0,0.0
2022-04-23,東京,１勝ｸﾗｽ*,自己条件,7,エルパソ,マクフィ,3,横山和生,1600,稍,1600.0,1.4,1.9,0.0,ダート,短距離,ダ道悪,,左回り,3歳,0.0,0.0,0.0,0.0,0.0,0.0,0.0,0.0,0.0,4100.0,0.0,0.0,0.0,0.0,0.0,0.0,0.0,0.0,0.0
2022-04-23,東京,未勝利・牝,未勝利,11,オメガオリーブ,ゴールドシップ,3,横山和生,2000,良,2000.0,2.2,12.3,290.0,芝,中距離,,,左回り,3歳,290.0,290.0,290.0,290.0,290.0,290.0,290.0,290.0,290.0,2600.0,7540.0,7540.0,7540.0,7540.0,7540.0,7540.0,7540.0,7540.0,7540.0
2022-04-23,東京,未勝利,未勝利,15,キングスウェイ,キングカメハメハ,3,横山和生,2100,重,1800.0,3.4,6.8,0.0,ダート,中距離,ダ道悪,距離延長,左回り,3歳,0.0,0.0,0.0,0.0,0.0,0.0,0.0,0.0,0.0,1700.0,0.0,0.0,0.0,0.0,0.0,0.0,0.0,0.0,0.0
2022-04-17,阪神,アンタレG3,重賞,8,オメガパフューム,スウェプトオーヴァーボード,7,横山和生,1800,良,2000.0,1.5,2.0,170.0,ダート,中距離,,距離短縮,右回り,5歳以上,159.8,159.8,159.8,160.65,160.65,160.65,161.5,161.5,161.5,3900.0,6232.2,6232.2,6232.2,6265.35,6265.35,6265.35,6298.5,6298.5,6298.5
2022-04-17,阪神,ストーＨ･3勝,自己条件,6,ヴァトレニ,グラスワンダー,4,横山和生,1600,良,1400.0,2.6,4.0,0.0,芝,短距離,,距離延長,右回り,4歳,0.0,0.0,0.0,0.0,0.0,0.0,0.0,0.0,0.0,2200.0,0.0,0.0,0.0,0.0,0.0,0.0,0.0,0.0,0.0
2022-04-17,阪神,須磨特別･2勝,自己条件,5,シゲルソウサイ,エピファネイア,4,横山和生,1800,良,2000.0,4.4,26.4,0.0,芝,中距離,,距離短縮,右回り,4歳,0.0,0.0,0.0,0.0,0.0,0.0,0.0,0.0,0.0,1300.0,0.0,0.0,0.0,0.0,0.0,0.0,0.0,0.0,0.0
2022-04-17,阪神,１勝ｸﾗｽ,自己条件,5,ヒルノブルージュ,ヒルノダムール,5,横山和生,1800,良,1700.0,4.1,6.6,0.0,ダート,中距離,,距離延長,右回り,5歳以上,0.0,0.0,0.0,0.0,0.0,0.0,0.0,0.0,0.0,1400.0,0.0,0.0,0.0,0.0,0.0,0.0,0.0,0.0,0.0
2022-04-17,阪神,１勝ｸﾗｽ・牝*,自己条件,5,ウィシンクアスク,ルーラーシップ,3,横山和生,1800,良,1800.0,1.6,1.9,160.0,ダート,中距離,,,右回り,3歳,150.4,150.4,150.4,151.2,151.2,151.2,152.0,152.0,152.0,3600.0,5414.4,5414.4,5414.4,5443.2,5443.2,5443.2,5472.0,5472.0,5472.0
2022-04-17,阪神,未勝利,未勝利,15,ディナースタ,ドゥラメンテ,3,横山和生,2200,良,2000.0,1.8,2.5,210.0,芝,中距離,,距離延長,右回り,3歳,210.0,210.0,210.0,210.0,210.0,210.0,210.0,210.0,210.0,3200.0,6720.0,6720.0,6720.0,6720.0,6720.0,6720.0,6720.0,6720.0,6720.0
2022-04-17,阪神,未勝利,未勝利,2,コーリングユー,ディープインパクト,3,横山和生,1600,良,1600.0,1.6,2.2,160.0,芝,短距離,,,右回り,3歳,150.4,150.4,150.4,151.2,151.2,151.2,152.0,152.0,152.0,3600.0,5414.4,5414.4,5414.4,5443.2,5443.2,5443.2,5472.0,5472.0,5472.0
2022-04-17,阪神,未勝利・牝,未勝利,15,タイセイシュネル,ノヴェリスト,3,横山和生,1800,良,,6.1,11.9,0.0,ダート,中距離,,,右回り,3歳,0.0,0.0,0.0,0.0,0.0,0.0,0.0,0.0,0.0,1000.0,0.0,0.0,0.0,0.0,0.0,0.0,0.0,0.0,0.0
2022-04-16,中山,下総Ｓ･3勝,自己条件,5,サンライズウルス,ヘニーヒューズ,4,横山和生,1800,稍,1600.0,1.6,2.5,190.0,ダート,中距離,ダ道悪,距離延長,右回り,4歳,178.6,178.6,178.6,179.55,179.55,179.55,180.5,180.5,180.5,3600.0,6429.6,6429.6,6429.6,6463.8,6463.8,6463.8,6498.0,6498.0,6498.0
2022-04-16,中山,山藤賞･1勝*,自己条件,7,リュミエールノワル,ロードカナロア,3,横山和生,2000,稍,2000.0,6.7,19.7,0.0,芝,中距離,芝道悪,,右回り,3歳,0.0,0.0,0.0,0.0,0.0,0.0,0.0,0.0,0.0,900.0,0.0,0.0,0.0,0.0,0.0,0.0,0.0,0.0,0.0
2022-04-16,中山,２勝ｸﾗｽ・牝,自己条件,3,クロノフルール,クロフネ,4,横山和生,1200,重,1200.0,3.5,4.8,0.0,ダート,短距離,ダ道悪,,右回り,4歳,0.0,0.0,0.0,0.0,0.0,0.0,0.0,0.0,0.0,1700.0,0.0,0.0,0.0,0.0,0.0,0.0,0.0,0.0,0.0
2022-04-16,中山,１勝ｸﾗｽ,自己条件,4,パーディシャー,キングカメハメハ,5,横山和生,2200,重,2600.0,3.1,5.2,0.0,芝,中距離,芝道悪,距離短縮,右回り,5歳以上,0.0,0.0,0.0,0.0,0.0,0.0,0.0,0.0,0.0,1900.0,0.0,0.0,0.0,0.0,0.0,0.0,0.0,0.0,0.0
2022-04-16,中山,未勝利,未勝利,13,クインズステラ,ジャスタウェイ,3,横山和生,1600,重,1600.0,2.4,5.3,420.0,芝,短距離,芝道悪,,右回り,3歳,420.0,420.0,420.0,420.0,420.0,420.0,420.0,420.0,420.0,2400.0,10080.0,10080.0,10080.0,10080.0,10080.0,10080.0,10080.0,10080.0,10080.0
2022-04-16,中山,未勝利,未勝利,3,フォーワンセルフ,パイロ,3,横山和生,1800,重,1800.0,1.2,1.6,120.0,ダート,中距離,ダ道悪,,右回り,3歳,112.8,112.8,112.8,113.4,113.4,113.4,114.0,114.0,114.0,4800.0,5414.4,5414.4,5414.4,5443.2,5443.2,5443.2,5472.0,5472.0,5472.0
2022-04-16,中山,未勝利,未勝利,3,パフオブウインド,ディスクリートキャット,3,横山和生,1800,重,1800.0,1.6,2.3,190.0,ダート,中距離,ダ道悪,,右回り,3歳,178.6,178.6,178.6,179.55,179.55,179.55,180.5,180.5,180.5,3600.0,6429.6,6429.6,6429.6,6463.8,6463.8,6463.8,6498.0,6498.0,6498.0
2022-04-10,中山,春雷ＳＨ(L),OP,11,ルッジェーロ,キンシャサノキセキ,7,横山和生,1200,良,1200.0,3.5,4.6,0.0,芝,短距離,,,右回り,5歳以上,0.0,0.0,0.0,0.0,0.0,0.0,0.0,0.0,0.0,1700.0,0.0,0.0,0.0,0.0,0.0,0.0,0.0,0.0,0.0
2022-04-10,中山,卯月Ｓ,OP,6,ホウオウスクラム,アイルハヴアナザー,7,横山和生,1800,良,1800.0,19.0,41.5,0.0,ダート,中距離,,,右回り,5歳以上,0.0,0.0,0.0,0.0,0.0,0.0,0.0,0.0,0.0,300.0,0.0,0.0,0.0,0.0,0.0,0.0,0.0,0.0,0.0
2022-04-10,中山,１勝ｸﾗｽ・牝*,自己条件,8,オーソレミオ,ディープインパクト,3,横山和生,1800,良,1600.0,1.1,1.6,110.0,芝,中距離,,距離延長,右回り,3歳,103.4,103.4,103.4,103.95,103.95,103.95,104.5,104.5,104.5,5300.0,5480.2,5480.2,5480.2,5509.35,5509.35,5509.35,5538.5,5538.5,5538.5
2022-04-10,中山,未勝利・牝,未勝利,9,ゴールデンアワー,エピファネイア,3,横山和生,2000,良,1800.0,1.2,2.5,240.0,芝,中距離,,距離延長,右回り,3歳,240.0,240.0,240.0,240.0,240.0,240.0,240.0,240.0,240.0,4800.0,11520.0,11520.0,11520.0,11520.0,11520.0,11520.0,11520.0,11520.0,11520.0
2022-04-10,中山,未勝利,未勝利,1,ドリームビリーバー,ドレフォン,3,横山和生,1800,良,1800.0,1.5,2.6,0.0,ダート,中距離,,,右回り,3歳,0.0,0.0,0.0,0.0,0.0,0.0,0.0,0.0,0.0,3900.0,0.0,0.0,0.0,0.0,0.0,0.0,0.0,0.0,0.0
2022-04-10,中山,未勝利,未勝利,16,ミストーザイ,アドマイヤムーン,3,横山和生,1200,良,1200.0,5.6,10.6,0.0,ダート,短距離,,,右回り,3歳,0.0,0.0,0.0,0.0,0.0,0.0,0.0,0.0,0.0,1000.0,0.0,0.0,0.0,0.0,0.0,0.0,0.0,0.0,0.0
2022-04-09,中山,船橋Ｓ･3勝,自己条件,6,ジュビリーヘッド,ロードカナロア,5,横山和生,1200,良,1200.0,1.4,1.9,170.0,芝,短距離,,,右回り,5歳以上,159.8,159.8,159.8,160.65,160.65,160.65,161.5,161.5,161.5,4100.0,6551.8,6551.8,6551.8,6586.65,6586.65,6586.65,6621.5,6621.5,6621.5
2022-04-09,中山,印西特Ｈ･2勝,自己条件,7,メラーキ,ハーツクライ,5,横山和生,2400,良,2400.0,1.6,2.1,0.0,ダート,長距離,,,右回り,5歳以上,0.0,0.0,0.0,0.0,0.0,0.0,0.0,0.0,0.0,3600.0,0.0,0.0,0.0,0.0,0.0,0.0,0.0,0.0,0.0
2022-04-09,中山,１勝ｸﾗｽ*,自己条件,6,カズラポニアン,ヘニーヒューズ,3,横山和生,1800,良,1800.0,1.8,2.7,0.0,ダート,中距離,,,右回り,3歳,0.0,0.0,0.0,0.0,0.0,0.0,0.0,0.0,0.0,3200.0,0.0,0.0,0.0,0.0,0.0,0.0,0.0,0.0,0.0
2022-04-09,中山,未勝利,未勝利,6,クールボス,ザファクター,3,横山和生,1200,良,1200.0,2.8,5.1,0.0,ダート,短距離,,,右回り,3歳,0.0,0.0,0.0,0.0,0.0,0.0,0.0,0.0,0.0,2100.0,0.0,0.0,0.0,0.0,0.0,0.0,0.0,0.0,0.0
2022-04-09,中山,未勝利,未勝利,5,ディオアステリア,ザファクター,3,横山和生,1200,良,1400.0,1.7,7.5,200.0,ダート,短距離,,距離短縮,右回り,3歳,200.0,200.0,200.0,200.0,200.0,200.0,200.0,200.0,200.0,3400.0,6800.0,6800.0,6800.0,6800.0,6800.0,6800.0,6800.0,6800.0,6800.0
2022-04-09,中山,未勝利,未勝利,9,レインボーエンゼル,ゼンノロブロイ,3,横山和生,1800,良,1800.0,1.6,2.1,0.0,ダート,中距離,,,右回り,3歳,0.0,0.0,0.0,0.0,0.0,0.0,0.0,0.0,0.0,3600.0,0.0,0.0,0.0,0.0,0.0,0.0,0.0,0.0,0.0
2022-04-03,中山,２勝ｸﾗｽ,自己条件,14,クロノフルール,クロフネ,4,横山和生,1200,稍,1200.0,5.3,8.1,650.0,ダート,短距離,ダ道悪,,右回り,4歳,650.0,650.0,650.0,650.0,650.0,650.0,650.0,650.0,650.0,1100.0,7150.0,7150.0,7150.0,7150.0,7150.0,7150.0,7150.0,7150.0,7150.0
2022-04-03,中山,美浦Ｓ･3勝,自己条件,6,ウシュバテソーロ,オルフェーヴル,5,横山和生,2000,稍,2400.0,2.2,4.5,0.0,芝,中距離,芝道悪,距離短縮,右回り,5歳以上,0.0,0.0,0.0,0.0,0.0,0.0,0.0,0.0,0.0,2600.0,0.0,0.0,0.0,0.0,0.0,0.0,0.0,0.0,0.0
2022-04-03,中山,山吹賞･1勝*,自己条件,4,ブラックボイス,ブラックタイド,3,横山和生,2200,稍,2000.0,1.2,1.8,140.0,芝,中距離,芝道悪,距離延長,右回り,3歳,131.6,131.6,131.6,132.3,132.3,132.3,133.0,133.0,133.0,4800.0,6316.8,6316.8,6316.8,6350.4,6350.4,6350.4,6384.0,6384.0,6384.0
2022-04-03,中山,１勝ｸﾗｽ,自己条件,2,オメガロマンス,ハーツクライ,4,横山和生,1600,稍,2000.0,2.6,3.8,270.0,芝,短距離,芝道悪,距離短縮,右回り,4歳,270.0,270.0,270.0,270.0,270.0,270.0,270.0,270.0,270.0,2200.0,5940.0,5940.0,5940.0,5940.0,5940.0,5940.0,5940.0,5940.0,5940.0
2022-04-03,中山,１勝ｸﾗｽ*,自己条件,3,パワーブローキング,アメリカンペイトリオット,3,横山和生,1800,稍,1800.0,3.3,4.7,0.0,ダート,中距離,ダ道悪,,右回り,3歳,0.0,0.0,0.0,0.0,0.0,0.0,0.0,0.0,0.0,1800.0,0.0,0.0,0.0,0.0,0.0,0.0,0.0,0.0,0.0
2022-04-03,中山,未勝利,未勝利,5,サンアーバイン,トゥザグローリー,3,横山和生,2200,稍,2000.0,24.5,91.0,0.0,芝,中距離,芝道悪,距離延長,右回り,3歳,0.0,0.0,0.0,0.0,0.0,0.0,0.0,0.0,0.0,200.0,0.0,0.0,0.0,0.0,0.0,0.0,0.0,0.0,0.0
2022-04-03,中山,未勝利,未勝利,4,パープライト,ルーラーシップ,3,横山和生,1800,稍,1600.0,1.7,7.9,0.0,ダート,中距離,ダ道悪,距離延長,右回り,3歳,0.0,0.0,0.0,0.0,0.0,0.0,0.0,0.0,0.0,3400.0,0.0,0.0,0.0,0.0,0.0,0.0,0.0,0.0,0.0
2022-04-02,中山,１勝ｸﾗｽ,自己条件,11,トーセンニック,トーセンファントム,4,横山和生,1200,重,1200.0,1.7,2.2,170.0,ダート,短距離,ダ道悪,,右回り,4歳,159.8,159.8,159.8,160.65,160.65,160.65,161.5,161.5,161.5,3400.0,5433.2,5433.2,5433.2,5462.1,5462.1,5462.1,5491.0,5491.0,5491.0
2022-04-02,中山,安房特別･2勝,自己条件,5,マベルロンジュ,ハーツクライ,5,横山和生,2500,良,2600.0,1.3,2.4,140.0,芝,長距離,,距離短縮,右回り,5歳以上,131.6,131.6,131.6,132.3,132.3,132.3,133.0,133.0,133.0,4500.0,5922.0,5922.0,5922.0,5953.5,5953.5,5953.5,5985.0,5985.0,5985.0
2022-04-02,中山,千葉日報･2勝,自己条件,13,ブルーカルセドニー,ディープブリランテ,4,横山和生,1800,重,1800.0,1.3,2.1,0.0,ダート,中距離,ダ道悪,,右回り,4歳,0.0,0.0,0.0,0.0,0.0,0.0,0.0,0.0,0.0,4500.0,0.0,0.0,0.0,0.0,0.0,0.0,0.0,0.0,0.0
2022-04-02,中山,未勝利,未勝利,5,オメガオリーブ,ゴールドシップ,3,横山和生,2000,稍,1600.0,5.2,8.6,0.0,芝,中距離,芝道悪,距離延長,右回り,3歳,0.0,0.0,0.0,0.0,0.0,0.0,0.0,0.0,0.0,1100.0,0.0,0.0,0.0,0.0,0.0,0.0,0.0,0.0,0.0
2022-04-02,中山,未勝利・牝,未勝利,4,プランタニエール,ディスクリートキャット,3,横山和生,1200,重,1400.0,6.5,17.3,0.0,ダート,短距離,ダ道悪,距離短縮,右回り,3歳,0.0,0.0,0.0,0.0,0.0,0.0,0.0,0.0,0.0,900.0,0.0,0.0,0.0,0.0,0.0,0.0,0.0,0.0,0.0
2022-04-02,中山,未勝利,未勝利,6,キバルスター,トゥザワールド,3,横山和生,1800,重,1800.0,5.5,8.9,0.0,ダート,中距離,ダ道悪,,右回り,3歳,0.0,0.0,0.0,0.0,0.0,0.0,0.0,0.0,0.0,1100.0,0.0,0.0,0.0,0.0,0.0,0.0,0.0,0.0,0.0
2022-03-27,中山,マーチＳＨG3,重賞,14,オメガレインボー,アイルハヴアナザー,6,横山和生,1800,重,1400.0,2.1,2.8,0.0,ダート,中距離,ダ道悪,距離延長,右回り,5歳以上,0.0,0.0,0.0,0.0,0.0,0.0,0.0,0.0,0.0,2800.0,0.0,0.0,0.0,0.0,0.0,0.0,0.0,0.0,0.0
2022-03-27,中山,ミモザ賞･1勝,自己条件,5,エーデルブルーメ,ハービンジャー,3,横山和生,2000,重,2000.0,1.1,1.4,130.0,芝,中距離,芝道悪,,右回り,3歳,122.2,122.2,122.2,122.85,122.85,122.85,123.5,123.5,123.5,5300.0,6476.6,6476.6,6476.6,6511.05,6511.05,6511.05,6545.5,6545.5,6545.5
2022-03-27,中山,１勝ｸﾗｽ*,自己条件,14,トゥーレツリー,キングカメハメハ,3,横山和生,1200,重,1200.0,3.0,4.4,0.0,ダート,短距離,ダ道悪,,右回り,3歳,0.0,0.0,0.0,0.0,0.0,0.0,0.0,0.0,0.0,1900.0,0.0,0.0,0.0,0.0,0.0,0.0,0.0,0.0,0.0
2022-03-26,中山,２勝ｸﾗｽ,自己条件,6,デルマラピスラズリ,ストロングリターン,5,横山和生,1800,稍,1800.0,5.0,7.7,0.0,ダート,中距離,ダ道悪,,右回り,5歳以上,0.0,0.0,0.0,0.0,0.0,0.0,0.0,0.0,0.0,1200.0,0.0,0.0,0.0,0.0,0.0,0.0,0.0,0.0,0.0
2022-03-26,中山,日経賞G2,重賞,11,タイトルホルダー,ドゥラメンテ,4,横山和生,2500,稍,2500.0,1.1,1.2,110.0,芝,長距離,芝道悪,,右回り,4歳,103.4,103.4,103.4,103.95,103.95,103.95,104.5,104.5,104.5,5300.0,5480.2,5480.2,5480.2,5509.35,5509.35,5509.35,5538.5,5538.5,5538.5
2022-03-26,中山,伏竜Ｓ,OP,1,ホウオウルーレット,ロージズインメイ,3,横山和生,1800,稍,1800.0,1.1,1.1,0.0,ダート,中距離,ダ道悪,,右回り,3歳,0.0,0.0,0.0,0.0,0.0,0.0,0.0,0.0,0.0,5300.0,0.0,0.0,0.0,0.0,0.0,0.0,0.0,0.0,0.0
2022-03-26,中山,春風Ｓ･3勝,自己条件,6,ダンケシェーン,ヘニーヒューズ,7,横山和生,1200,稍,1600.0,6.9,10.7,0.0,ダート,短距離,ダ道悪,距離短縮,右回り,5歳以上,0.0,0.0,0.0,0.0,0.0,0.0,0.0,0.0,0.0,800.0,0.0,0.0,0.0,0.0,0.0,0.0,0.0,0.0,0.0
2022-03-26,中山,未勝利,未勝利,4,ゼンノテンバ,ドゥラメンテ,3,横山和生,1600,良,1800.0,1.5,2.3,150.0,芝,短距離,,距離短縮,右回り,3歳,141.0,141.0,141.0,141.75,141.75,141.75,142.5,142.5,142.5,3900.0,5499.0,5499.0,5499.0,5528.25,5528.25,5528.25,5557.5,5557.5,5557.5
2022-03-26,中山,未勝利,未勝利,12,サイモンソーラン,コパノリッキー,3,横山和生,1800,稍,1800.0,2.0,4.8,0.0,ダート,中距離,ダ道悪,,右回り,3歳,0.0,0.0,0.0,0.0,0.0,0.0,0.0,0.0,0.0,2900.0,0.0,0.0,0.0,0.0,0.0,0.0,0.0,0.0,0.0
2022-03-21,中山,フラワーG3,重賞,8,ダイム,オルフェーヴル,3,横山和生,1800,良,2000.0,3.8,5.7,0.0,芝,中距離,,距離短縮,右回り,3歳,0.0,0.0,0.0,0.0,0.0,0.0,0.0,0.0,0.0,1500.0,0.0,0.0,0.0,0.0,0.0,0.0,0.0,0.0,0.0
2022-03-21,中山,韓国馬事･3勝,自己条件,8,デルマオニキス,オンファイア,5,横山和生,1800,稍,1800.0,11.9,24.2,0.0,ダート,中距離,ダ道悪,,右回り,5歳以上,0.0,0.0,0.0,0.0,0.0,0.0,0.0,0.0,0.0,500.0,0.0,0.0,0.0,0.0,0.0,0.0,0.0,0.0,0.0
2022-03-21,中山,未勝利,未勝利,8,カイザーレオン,マクフィ,3,横山和生,1800,重,1800.0,2.5,4.3,0.0,ダート,中距離,ダ道悪,,右回り,3歳,0.0,0.0,0.0,0.0,0.0,0.0,0.0,0.0,0.0,2300.0,0.0,0.0,0.0,0.0,0.0,0.0,0.0,0.0,0.0
2022-03-21,中山,未勝利・牝,未勝利,10,マジョリー,ビッグアーサー,3,横山和生,1200,重,1300.0,26.6,51.9,0.0,ダート,短距離,ダ道悪,距離短縮,右回り,3歳,0.0,0.0,0.0,0.0,0.0,0.0,0.0,0.0,0.0,200.0,0.0,0.0,0.0,0.0,0.0,0.0,0.0,0.0,0.0
2022-03-20,中山,２勝ｸﾗｽ,自己条件,7,ルピナステソーロ,ミッキーアイル,4,横山和生,1200,重,1200.0,3.6,5.2,0.0,ダート,短距離,ダ道悪,,右回り,4歳,0.0,0.0,0.0,0.0,0.0,0.0,0.0,0.0,0.0,1600.0,0.0,0.0,0.0,0.0,0.0,0.0,0.0,0.0,0.0
2022-03-20,中山,２勝ｸﾗｽ,自己条件,14,ホウオウジョルノ,ゴールドシップ,4,横山和生,2000,稍,2000.0,4.3,8.5,0.0,芝,中距離,芝道悪,,右回り,4歳,0.0,0.0,0.0,0.0,0.0,0.0,0.0,0.0,0.0,1300.0,0.0,0.0,0.0,0.0,0.0,0.0,0.0,0.0,0.0
2022-03-20,中山,１勝ｸﾗｽ,自己条件,6,トーセンインディゴ,ダイワメジャー,4,横山和生,1800,重,1700.0,1.8,2.6,0.0,ダート,中距離,ダ道悪,距離延長,右回り,4歳,0.0,0.0,0.0,0.0,0.0,0.0,0.0,0.0,0.0,3200.0,0.0,0.0,0.0,0.0,0.0,0.0,0.0,0.0,0.0
2022-03-20,中山,未勝利,未勝利,1,ポッドヴァイン,ジャングルポケット,3,横山和生,2000,重,2200.0,3.1,5.5,0.0,芝,中距離,芝道悪,距離短縮,右回り,3歳,0.0,0.0,0.0,0.0,0.0,0.0,0.0,0.0,0.0,1900.0,0.0,0.0,0.0,0.0,0.0,0.0,0.0,0.0,0.0
2022-03-20,中山,未勝利,未勝利,3,フォーワンセルフ,パイロ,3,横山和生,1800,不,2000.0,2.4,4.7,240.0,ダート,中距離,ダ道悪,距離短縮,右回り,3歳,240.0,240.0,240.0,240.0,240.0,240.0,240.0,240.0,240.0,2400.0,5760.0,5760.0,5760.0,5760.0,5760.0,5760.0,5760.0,5760.0,5760.0
2022-03-20,中山,未勝利・牝,未勝利,12,レインボーエンゼル,ゼンノロブロイ,3,横山和生,1800,不,1600.0,5.8,8.4,730.0,ダート,中距離,ダ道悪,距離延長,右回り,3歳,730.0,730.0,730.0,730.0,730.0,730.0,730.0,730.0,730.0,1000.0,7300.0,7300.0,7300.0,7300.0,7300.0,7300.0,7300.0,7300.0,7300.0
2022-03-19,中京,１勝ｸﾗｽ,自己条件,10,マンオブカレッジ,ハーツクライ,4,横山和生,1800,重,1700.0,1.6,2.3,0.0,ダート,中距離,ダ道悪,距離延長,左回り,4歳,0.0,0.0,0.0,0.0,0.0,0.0,0.0,0.0,0.0,3600.0,0.0,0.0,0.0,0.0,0.0,0.0,0.0,0.0,0.0
2022-03-19,中京,１勝ｸﾗｽ・牝,自己条件,9,イッツユアタイム,エピファネイア,4,横山和生,1400,重,1700.0,2.0,2.9,0.0,ダート,短距離,ダ道悪,距離短縮,左回り,4歳,0.0,0.0,0.0,0.0,0.0,0.0,0.0,0.0,0.0,2900.0,0.0,0.0,0.0,0.0,0.0,0.0,0.0,0.0,0.0
2022-03-19,中京,未勝利,未勝利,6,コーリングユー,ディープインパクト,3,横山和生,1600,重,,2.2,3.5,240.0,芝,短距離,芝道悪,,左回り,3歳,240.0,240.0,240.0,240.0,240.0,240.0,240.0,240.0,240.0,2600.0,6240.0,6240.0,6240.0,6240.0,6240.0,6240.0,6240.0,6240.0,6240.0
2022-03-19,中京,未勝利,未勝利,5,カルネ,ディープインパクト,3,横山和生,1400,不,1400.0,1.7,2.7,0.0,ダート,短距離,ダ道悪,,左回り,3歳,0.0,0.0,0.0,0.0,0.0,0.0,0.0,0.0,0.0,3400.0,0.0,0.0,0.0,0.0,0.0,0.0,0.0,0.0,0.0
2022-03-13,中山,アネモネ(L),OP,4,アンクロワ,モーリス,3,横山和生,1600,良,1600.0,2.2,3.4,0.0,芝,短距離,,,右回り,3歳,0.0,0.0,0.0,0.0,0.0,0.0,0.0,0.0,0.0,2600.0,0.0,0.0,0.0,0.0,0.0,0.0,0.0,0.0,0.0
2022-03-13,中山,東風Ｓ(L),OP,1,タイムトゥヘヴン,ロードカナロア,4,横山和生,1600,良,1600.0,1.8,2.5,0.0,芝,短距離,,,右回り,4歳,0.0,0.0,0.0,0.0,0.0,0.0,0.0,0.0,0.0,3200.0,0.0,0.0,0.0,0.0,0.0,0.0,0.0,0.0,0.0
2022-03-13,中山,房総特別･2勝,自己条件,6,ファジェス,モーリス,4,横山和生,1800,良,1700.0,2.6,3.9,0.0,芝,中距離,,距離延長,右回り,4歳,0.0,0.0,0.0,0.0,0.0,0.0,0.0,0.0,0.0,2200.0,0.0,0.0,0.0,0.0,0.0,0.0,0.0,0.0,0.0
2022-03-13,中山,１勝ｸﾗｽ,自己条件,1,アレレブルー,モーリス,4,横山和生,2400,良,2200.0,11.5,17.1,0.0,ダート,長距離,,距離延長,右回り,4歳,0.0,0.0,0.0,0.0,0.0,0.0,0.0,0.0,0.0,500.0,0.0,0.0,0.0,0.0,0.0,0.0,0.0,0.0,0.0
2022-03-13,中山,１勝ｸﾗｽ*,自己条件,14,クアトロマジコ,サトノアラジン,3,横山和生,1800,良,1800.0,5.7,20.1,0.0,ダート,中距離,,,右回り,3歳,0.0,0.0,0.0,0.0,0.0,0.0,0.0,0.0,0.0,1000.0,0.0,0.0,0.0,0.0,0.0,0.0,0.0,0.0,0.0
2022-03-13,中山,未勝利,未勝利,16,サルサロッサ,エスケンデレヤ,3,横山和生,2000,良,2000.0,7.4,13.7,0.0,芝,中距離,,,右回り,3歳,0.0,0.0,0.0,0.0,0.0,0.0,0.0,0.0,0.0,800.0,0.0,0.0,0.0,0.0,0.0,0.0,0.0,0.0,0.0
2022-03-13,中山,未勝利,未勝利,2,ドリームビリーバー,ドレフォン,3,横山和生,1800,良,1800.0,2.2,2.9,0.0,ダート,中距離,,,右回り,3歳,0.0,0.0,0.0,0.0,0.0,0.0,0.0,0.0,0.0,2600.0,0.0,0.0,0.0,0.0,0.0,0.0,0.0,0.0,0.0
2022-03-13,中山,未勝利,未勝利,2,クールボス,ザファクター,3,横山和生,1200,良,,9.9,15.9,0.0,ダート,短距離,,,右回り,3歳,0.0,0.0,0.0,0.0,0.0,0.0,0.0,0.0,0.0,600.0,0.0,0.0,0.0,0.0,0.0,0.0,0.0,0.0,0.0
2022-03-12,中山,アクアＨ･3勝,自己条件,10,ジュビリーヘッド,ロードカナロア,5,横山和生,1200,良,1200.0,1.2,1.4,120.0,芝,短距離,,,右回り,5歳以上,112.8,112.8,112.8,113.4,113.4,113.4,114.0,114.0,114.0,4800.0,5414.4,5414.4,5414.4,5443.2,5443.2,5443.2,5472.0,5472.0,5472.0
2022-03-12,中山,鎌ケ谷特･2勝,自己条件,8,ブルーカルセドニー,ディープブリランテ,4,横山和生,1800,良,1800.0,1.2,1.5,0.0,ダート,中距離,,,右回り,4歳,0.0,0.0,0.0,0.0,0.0,0.0,0.0,0.0,0.0,4800.0,0.0,0.0,0.0,0.0,0.0,0.0,0.0,0.0,0.0
2022-03-12,中山,１勝ｸﾗｽ*,自己条件,10,ブラックボイス,ブラックタイド,3,横山和生,2000,良,2000.0,1.9,2.6,220.0,芝,中距離,,,右回り,3歳,220.0,220.0,220.0,220.0,220.0,220.0,220.0,220.0,220.0,3100.0,6820.0,6820.0,6820.0,6820.0,6820.0,6820.0,6820.0,6820.0,6820.0
2022-03-12,中山,未勝利,未勝利,6,キバルスター,トゥザワールド,3,横山和生,1800,良,1600.0,21.1,37.1,0.0,ダート,中距離,,距離延長,右回り,3歳,0.0,0.0,0.0,0.0,0.0,0.0,0.0,0.0,0.0,300.0,0.0,0.0,0.0,0.0,0.0,0.0,0.0,0.0,0.0
2022-03-06,阪神,アルメリ･1勝,自己条件,7,ホウオウバニラ,ドゥラメンテ,3,横山和生,1800,良,1800.0,1.7,5.4,0.0,芝,中距離,,,右回り,3歳,0.0,0.0,0.0,0.0,0.0,0.0,0.0,0.0,0.0,3400.0,0.0,0.0,0.0,0.0,0.0,0.0,0.0,0.0,0.0
2022-03-06,阪神,１勝ｸﾗｽ,自己条件,4,タケルジャック,ブラックタイド,4,横山和生,1600,良,1200.0,7.3,10.5,0.0,芝,短距離,,距離延長,右回り,4歳,0.0,0.0,0.0,0.0,0.0,0.0,0.0,0.0,0.0,800.0,0.0,0.0,0.0,0.0,0.0,0.0,0.0,0.0,0.0
2022-03-06,阪神,未勝利,未勝利,5,デュアルレインボー,ルーラーシップ,3,横山和生,2200,良,1800.0,1.5,2.0,0.0,芝,中距離,,距離延長,右回り,3歳,0.0,0.0,0.0,0.0,0.0,0.0,0.0,0.0,0.0,3900.0,0.0,0.0,0.0,0.0,0.0,0.0,0.0,0.0,0.0
2022-03-06,阪神,未勝利,未勝利,6,ジャスティンマリブ,マジェスティックウォリアー,3,横山和生,2000,良,1800.0,16.3,43.8,0.0,ダート,中距離,,距離延長,右回り,3歳,0.0,0.0,0.0,0.0,0.0,0.0,0.0,0.0,0.0,400.0,0.0,0.0,0.0,0.0,0.0,0.0,0.0,0.0,0.0
2022-03-06,阪神,未勝利・牝,未勝利,8,クイーンオブロード,ロードカナロア,3,横山和生,1400,良,,4.6,8.0,0.0,ダート,短距離,,,右回り,3歳,0.0,0.0,0.0,0.0,0.0,0.0,0.0,0.0,0.0,1300.0,0.0,0.0,0.0,0.0,0.0,0.0,0.0,0.0,0.0
2022-03-05,阪神,チューリG2,重賞,15,オーソレミオ,ディープインパクト,3,横山和生,1600,良,1800.0,8.1,16.5,0.0,芝,短距離,,距離短縮,右回り,3歳,0.0,0.0,0.0,0.0,0.0,0.0,0.0,0.0,0.0,700.0,0.0,0.0,0.0,0.0,0.0,0.0,0.0,0.0,0.0
2022-03-05,阪神,和田岬特･2勝,自己条件,7,ホウオウジョルノ,ゴールドシップ,4,横山和生,2000,良,1800.0,3.2,8.6,0.0,芝,中距離,,距離延長,右回り,4歳,0.0,0.0,0.0,0.0,0.0,0.0,0.0,0.0,0.0,1800.0,0.0,0.0,0.0,0.0,0.0,0.0,0.0,0.0,0.0
2022-03-05,阪神,２勝ｸﾗｽ,自己条件,3,カレンヒメ,ダノンシャンティ,5,横山和生,1200,良,1200.0,2.2,3.5,0.0,芝,短距離,,,右回り,5歳以上,0.0,0.0,0.0,0.0,0.0,0.0,0.0,0.0,0.0,2600.0,0.0,0.0,0.0,0.0,0.0,0.0,0.0,0.0,0.0
2022-03-05,阪神,１勝ｸﾗｽ,自己条件,10,スワーヴジョーダン,オルフェーヴル,4,横山和生,2000,良,1700.0,5.2,10.3,0.0,ダート,中距離,,距離延長,右回り,4歳,0.0,0.0,0.0,0.0,0.0,0.0,0.0,0.0,0.0,1100.0,0.0,0.0,0.0,0.0,0.0,0.0,0.0,0.0,0.0
2022-03-05,阪神,１勝ｸﾗｽ*,自己条件,6,オメガブルーム,サトノアラジン,3,横山和生,1800,良,1400.0,13.2,27.4,0.0,ダート,中距離,,距離延長,右回り,3歳,0.0,0.0,0.0,0.0,0.0,0.0,0.0,0.0,0.0,400.0,0.0,0.0,0.0,0.0,0.0,0.0,0.0,0.0,0.0
2022-03-05,阪神,未勝利,未勝利,6,フィオリーカズマ,ドゥラメンテ,3,横山和生,1600,良,1600.0,7.5,14.3,0.0,芝,短距離,,,右回り,3歳,0.0,0.0,0.0,0.0,0.0,0.0,0.0,0.0,0.0,800.0,0.0,0.0,0.0,0.0,0.0,0.0,0.0,0.0,0.0
2022-03-05,阪神,未勝利,未勝利,6,カルネ,ディープインパクト,3,横山和生,1400,良,,8.6,12.9,0.0,ダート,短距離,,,右回り,3歳,0.0,0.0,0.0,0.0,0.0,0.0,0.0,0.0,0.0,700.0,0.0,0.0,0.0,0.0,0.0,0.0,0.0,0.0,0.0
2022-03-05,阪神,未勝利・牝,未勝利,12,オメガラブロッシュ,ストロングリターン,3,横山和生,1800,良,1400.0,9.7,14.4,0.0,ダート,中距離,,距離延長,右回り,3歳,0.0,0.0,0.0,0.0,0.0,0.0,0.0,0.0,0.0,600.0,0.0,0.0,0.0,0.0,0.0,0.0,0.0,0.0,0.0
2022-02-27,小倉,１勝ｸﾗｽ・牝,自己条件,3,ウインミニヨン,ダノンシャンティ,4,横山和生,2000,良,2000.0,1.4,1.8,160.0,芝,中距離,,,右回り,4歳,150.4,150.4,150.4,151.2,151.2,151.2,152.0,152.0,152.0,4100.0,6166.4,6166.4,6166.4,6199.2,6199.2,6199.2,6232.0,6232.0,6232.0
2022-02-27,小倉,下関Ｓ･3勝,自己条件,4,オメガラヴィサン,ロードカナロア,7,横山和生,1200,良,1400.0,2.3,3.3,320.0,芝,短距離,,距離短縮,右回り,5歳以上,320.0,320.0,320.0,320.0,320.0,320.0,320.0,320.0,320.0,2500.0,8000.0,8000.0,8000.0,8000.0,8000.0,8000.0,8000.0,8000.0,8000.0
2022-02-27,小倉,稲佐山特･1勝,自己条件,6,マベルロンジュ,ハーツクライ,5,横山和生,2600,良,2600.0,1.2,1.5,120.0,芝,長距離,,,右回り,5歳以上,112.8,112.8,112.8,113.4,113.4,113.4,114.0,114.0,114.0,4800.0,5414.4,5414.4,5414.4,5443.2,5443.2,5443.2,5472.0,5472.0,5472.0
2022-02-27,小倉,ネモフィ･1勝,自己条件,14,エルバリオ,ドレフォン,3,横山和生,1700,良,1800.0,2.9,4.2,0.0,ダート,中距離,,距離短縮,右回り,3歳,0.0,0.0,0.0,0.0,0.0,0.0,0.0,0.0,0.0,2000.0,0.0,0.0,0.0,0.0,0.0,0.0,0.0,0.0,0.0
2022-02-27,小倉,１勝ｸﾗｽ,自己条件,11,クローズネスト,ブラックタイド,4,横山和生,1200,良,1200.0,6.4,9.3,0.0,芝,短距離,,,右回り,4歳,0.0,0.0,0.0,0.0,0.0,0.0,0.0,0.0,0.0,900.0,0.0,0.0,0.0,0.0,0.0,0.0,0.0,0.0,0.0
2022-02-27,小倉,１勝ｸﾗｽ,自己条件,6,ヒルノブルージュ,ヒルノダムール,5,横山和生,1700,良,1700.0,1.3,1.6,0.0,ダート,中距離,,,右回り,5歳以上,0.0,0.0,0.0,0.0,0.0,0.0,0.0,0.0,0.0,4500.0,0.0,0.0,0.0,0.0,0.0,0.0,0.0,0.0,0.0
2022-02-27,小倉,未勝利,未勝利,8,メイショウブレゲ,ゴールドシップ,3,横山和生,2000,良,2000.0,1.1,1.4,0.0,芝,中距離,,,右回り,3歳,0.0,0.0,0.0,0.0,0.0,0.0,0.0,0.0,0.0,5300.0,0.0,0.0,0.0,0.0,0.0,0.0,0.0,0.0,0.0
2022-02-27,小倉,未勝利,未勝利,8,シャイニーポケット,トーセンジョーダン,3,横山和生,1200,良,1200.0,4.5,8.2,0.0,芝,短距離,,,右回り,3歳,0.0,0.0,0.0,0.0,0.0,0.0,0.0,0.0,0.0,1300.0,0.0,0.0,0.0,0.0,0.0,0.0,0.0,0.0,0.0
2022-02-27,小倉,未勝利,未勝利,1,マーブルケイケー,マクフィ,3,横山和生,1000,良,1000.0,1.4,2.0,150.0,ダート,短距離,,,右回り,3歳,141.0,141.0,141.0,141.75,141.75,141.75,142.5,142.5,142.5,4100.0,5781.0,5781.0,5781.0,5811.75,5811.75,5811.75,5842.5,5842.5,5842.5
2022-02-27,小倉,未勝利,未勝利,5,サンセットクラウド,ディープインパクト,3,横山和生,1800,良,2000.0,1.3,1.7,140.0,芝,中距離,,距離短縮,右回り,3歳,131.6,131.6,131.6,132.3,132.3,132.3,133.0,133.0,133.0,4500.0,5922.0,5922.0,5922.0,5953.5,5953.5,5953.5,5985.0,5985.0,5985.0
2022-02-26,小倉,八代特別･2勝,自己条件,11,メイショウカクウン,サクラオールイン,7,横山和生,2000,良,1800.0,2.6,4.3,0.0,芝,中距離,,距離延長,右回り,5歳以上,0.0,0.0,0.0,0.0,0.0,0.0,0.0,0.0,0.0,2200.0,0.0,0.0,0.0,0.0,0.0,0.0,0.0,0.0,0.0
2022-02-26,小倉,早鞆特Ｈ･2勝,自己条件,7,ロードシュトローム,マクフィ,4,横山和生,1700,良,1700.0,6.5,9.1,0.0,ダート,中距離,,,右回り,4歳,0.0,0.0,0.0,0.0,0.0,0.0,0.0,0.0,0.0,900.0,0.0,0.0,0.0,0.0,0.0,0.0,0.0,0.0,0.0
2022-02-26,小倉,合馬特別･1勝,自己条件,12,メイショウフンケイ,ダイワメジャー,4,横山和生,1200,良,1200.0,3.1,4.4,0.0,芝,短距離,,,右回り,4歳,0.0,0.0,0.0,0.0,0.0,0.0,0.0,0.0,0.0,1900.0,0.0,0.0,0.0,0.0,0.0,0.0,0.0,0.0,0.0
2022-02-26,小倉,未勝利,未勝利,4,リュミエールノワル,ロードカナロア,3,横山和生,2000,良,2000.0,1.5,2.6,180.0,芝,中距離,,,右回り,3歳,169.2,169.2,169.2,170.1,170.1,170.1,171.0,171.0,171.0,3900.0,6598.8,6598.8,6598.8,6633.9,6633.9,6633.9,6669.0,6669.0,6669.0
2022-02-26,小倉,未勝利・牝,未勝利,9,マテンロウサニー,ハーツクライ,3,横山和生,1800,良,1200.0,3.2,5.1,0.0,芝,中距離,,距離延長,右回り,3歳,0.0,0.0,0.0,0.0,0.0,0.0,0.0,0.0,0.0,1800.0,0.0,0.0,0.0,0.0,0.0,0.0,0.0,0.0,0.0
2022-02-26,小倉,１勝ｸﾗｽ,自己条件,14,ワルツフォーデビー,トゥザワールド,5,横山和生,1000,良,1000.0,1.4,2.7,0.0,ダート,短距離,,,右回り,5歳以上,0.0,0.0,0.0,0.0,0.0,0.0,0.0,0.0,0.0,4100.0,0.0,0.0,0.0,0.0,0.0,0.0,0.0,0.0,0.0
2022-02-20,小倉,小倉大賞ＨG3,重賞,16,アリーヴォ,ドゥラメンテ,4,横山和生,1800,稍,1800.0,1.8,2.2,190.0,芝,中距離,芝道悪,,右回り,4歳,178.6,178.6,178.6,179.55,179.55,179.55,180.5,180.5,180.5,3200.0,5715.2,5715.2,5715.2,5745.6,5745.6,5745.6,5776.0,5776.0,5776.0
2022-02-20,小倉,あざみ賞･1勝,自己条件,2,アウトパフォーム,Outstrip,3,横山和生,1200,稍,1200.0,3.1,4.4,0.0,芝,短距離,芝道悪,,右回り,3歳,0.0,0.0,0.0,0.0,0.0,0.0,0.0,0.0,0.0,1900.0,0.0,0.0,0.0,0.0,0.0,0.0,0.0,0.0,0.0
2022-02-20,小倉,１勝ｸﾗｽ・牝,自己条件,11,イッツユアタイム,エピファネイア,4,横山和生,1700,重,1500.0,1.9,2.6,200.0,ダート,中距離,ダ道悪,距離延長,右回り,4歳,200.0,200.0,200.0,200.0,200.0,200.0,200.0,200.0,200.0,3100.0,6200.0,6200.0,6200.0,6200.0,6200.0,6200.0,6200.0,6200.0,6200.0
2022-02-20,小倉,未勝利,未勝利,3,ファインバーグ,シルバーステート,3,横山和生,1800,重,2000.0,1.2,1.5,0.0,芝,中距離,芝道悪,距離短縮,右回り,3歳,0.0,0.0,0.0,0.0,0.0,0.0,0.0,0.0,0.0,4800.0,0.0,0.0,0.0,0.0,0.0,0.0,0.0,0.0,0.0
2022-02-20,小倉,未勝利,未勝利,10,シナモンロール,ストロングリターン,3,横山和生,1200,重,1200.0,1.7,2.6,0.0,芝,短距離,芝道悪,,右回り,3歳,0.0,0.0,0.0,0.0,0.0,0.0,0.0,0.0,0.0,3400.0,0.0,0.0,0.0,0.0,0.0,0.0,0.0,0.0,0.0
2022-02-20,小倉,未勝利・牝,未勝利,11,ダイム,オルフェーヴル,3,横山和生,2000,重,2000.0,1.4,1.9,160.0,芝,中距離,芝道悪,,右回り,3歳,150.4,150.4,150.4,151.2,151.2,151.2,152.0,152.0,152.0,4100.0,6166.4,6166.4,6166.4,6199.2,6199.2,6199.2,6232.0,6232.0,6232.0
2022-02-19,東京,２勝ｸﾗｽ,自己条件,15,ドンナセレーノ,Lord Kanaloa,4,横山和生,1800,良,2000.0,2.7,4.3,0.0,芝,中距離,,距離短縮,左回り,4歳,0.0,0.0,0.0,0.0,0.0,0.0,0.0,0.0,0.0,2100.0,0.0,0.0,0.0,0.0,0.0,0.0,0.0,0.0,0.0
2022-02-19,東京,ダイヤモＨG3,重賞,5,カレンルシェルブル,ハービンジャー,4,横山和生,3400,良,2200.0,3.1,4.5,0.0,芝,長距離,,距離延長,左回り,4歳,0.0,0.0,0.0,0.0,0.0,0.0,0.0,0.0,0.0,1900.0,0.0,0.0,0.0,0.0,0.0,0.0,0.0,0.0,0.0
2022-02-13,小倉,北九州短,OP,3,ロードベイリーフ,ヴァンセンヌ,5,横山和生,1200,稍,1200.0,4.5,5.9,0.0,芝,短距離,芝道悪,,右回り,5歳以上,0.0,0.0,0.0,0.0,0.0,0.0,0.0,0.0,0.0,1300.0,0.0,0.0,0.0,0.0,0.0,0.0,0.0,0.0,0.0
2022-02-13,小倉,太宰府特･2勝,自己条件,13,タニノヨセミテ,ダノンシャンティ,5,横山和生,1800,稍,1800.0,2.0,2.8,0.0,芝,中距離,芝道悪,,右回り,5歳以上,0.0,0.0,0.0,0.0,0.0,0.0,0.0,0.0,0.0,2900.0,0.0,0.0,0.0,0.0,0.0,0.0,0.0,0.0,0.0
2022-02-13,小倉,あすなろ･1勝,自己条件,5,ワーフデール,ハービンジャー,3,横山和生,2000,稍,1800.0,3.3,5.4,420.0,芝,中距離,芝道悪,距離延長,右回り,3歳,420.0,420.0,420.0,420.0,420.0,420.0,420.0,420.0,420.0,1800.0,7560.0,7560.0,7560.0,7560.0,7560.0,7560.0,7560.0,7560.0,7560.0
2022-02-13,小倉,１勝ｸﾗｽ・牝,自己条件,13,ウインミニヨン,ダノンシャンティ,4,横山和生,2000,稍,2000.0,1.8,2.2,200.0,芝,中距離,芝道悪,,右回り,4歳,200.0,200.0,200.0,200.0,200.0,200.0,200.0,200.0,200.0,3200.0,6400.0,6400.0,6400.0,6400.0,6400.0,6400.0,6400.0,6400.0,6400.0
2022-02-13,小倉,１勝ｸﾗｽ,自己条件,12,バトーデュシエル,ロードカナロア,5,横山和生,1200,稍,1200.0,1.3,1.5,150.0,芝,短距離,芝道悪,,右回り,5歳以上,141.0,141.0,141.0,141.75,141.75,141.75,142.5,142.5,142.5,4500.0,6345.0,6345.0,6345.0,6378.75,6378.75,6378.75,6412.5,6412.5,6412.5
2022-02-13,小倉,未勝利,未勝利,10,エーデルブルーメ,ハービンジャー,3,横山和生,2000,稍,2000.0,1.2,1.5,120.0,芝,中距離,芝道悪,,右回り,3歳,112.8,112.8,112.8,113.4,113.4,113.4,114.0,114.0,114.0,4800.0,5414.4,5414.4,5414.4,5443.2,5443.2,5443.2,5472.0,5472.0,5472.0
2022-02-13,小倉,未勝利,未勝利,8,パーティーベル,ハービンジャー,3,横山和生,1700,稍,1700.0,1.1,1.1,110.0,ダート,中距離,ダ道悪,,右回り,3歳,103.4,103.4,103.4,103.95,103.95,103.95,104.5,104.5,104.5,5300.0,5480.2,5480.2,5480.2,5509.35,5509.35,5509.35,5538.5,5538.5,5538.5
2022-02-13,小倉,未勝利,未勝利,15,ダグザ,Shalaa,3,横山和生,1200,稍,1150.0,3.5,5.6,0.0,芝,短距離,芝道悪,距離延長,右回り,3歳,0.0,0.0,0.0,0.0,0.0,0.0,0.0,0.0,0.0,1700.0,0.0,0.0,0.0,0.0,0.0,0.0,0.0,0.0,0.0
2022-02-13,小倉,未勝利・牝,未勝利,14,バーニングヒート,ドレフォン,3,横山和生,1700,稍,1600.0,1.1,1.4,0.0,ダート,中距離,ダ道悪,距離延長,右回り,3歳,0.0,0.0,0.0,0.0,0.0,0.0,0.0,0.0,0.0,5300.0,0.0,0.0,0.0,0.0,0.0,0.0,0.0,0.0,0.0
2022-02-12,小倉,１勝ｸﾗｽ,自己条件,6,クレマチステソーロ,Kingman,4,横山和生,1200,良,1200.0,5.3,7.8,0.0,芝,短距離,,,右回り,4歳,0.0,0.0,0.0,0.0,0.0,0.0,0.0,0.0,0.0,1100.0,0.0,0.0,0.0,0.0,0.0,0.0,0.0,0.0,0.0
2022-02-12,小倉,和布刈特･2勝,自己条件,8,ショウナンマリオ,トビーズコーナー,5,横山和生,1700,良,1700.0,2.7,4.0,300.0,ダート,中距離,,,右回り,5歳以上,300.0,300.0,300.0,300.0,300.0,300.0,300.0,300.0,300.0,2100.0,6300.0,6300.0,6300.0,6300.0,6300.0,6300.0,6300.0,6300.0,6300.0
2022-02-12,小倉,帆柱山Ｈ･2勝,自己条件,14,ジューンベロシティ,ロードカナロア,4,横山和生,1200,良,1200.0,2.2,2.8,0.0,芝,短距離,,,右回り,4歳,0.0,0.0,0.0,0.0,0.0,0.0,0.0,0.0,0.0,2600.0,0.0,0.0,0.0,0.0,0.0,0.0,0.0,0.0,0.0
2022-02-12,小倉,唐戸特別･1勝,自己条件,10,シャインユニバンス,ルーラーシップ,4,横山和生,2000,良,2000.0,1.8,3.0,0.0,芝,中距離,,,右回り,4歳,0.0,0.0,0.0,0.0,0.0,0.0,0.0,0.0,0.0,3200.0,0.0,0.0,0.0,0.0,0.0,0.0,0.0,0.0,0.0
2022-02-12,小倉,１勝ｸﾗｽ・牝,自己条件,6,ルージュジャドール,ハービンジャー,4,横山和生,1700,良,1800.0,3.6,5.8,0.0,ダート,中距離,,距離短縮,右回り,4歳,0.0,0.0,0.0,0.0,0.0,0.0,0.0,0.0,0.0,1600.0,0.0,0.0,0.0,0.0,0.0,0.0,0.0,0.0,0.0
2022-02-12,小倉,未勝利,未勝利,5,デュアルレインボー,ルーラーシップ,3,横山和生,1800,良,2000.0,1.1,1.4,120.0,芝,中距離,,距離短縮,右回り,3歳,112.8,112.8,112.8,113.4,113.4,113.4,114.0,114.0,114.0,5300.0,5978.4,5978.4,5978.4,6010.2,6010.2,6010.2,6042.0,6042.0,6042.0
2022-02-12,小倉,未勝利・牝,未勝利,9,マーブルケイケー,マクフィ,3,横山和生,1000,良,1200.0,1.7,2.7,180.0,ダート,短距離,,距離短縮,右回り,3歳,169.2,169.2,169.2,170.1,170.1,170.1,171.0,171.0,171.0,3400.0,5752.8,5752.8,5752.8,5783.4,5783.4,5783.4,5814.0,5814.0,5814.0
2022-02-06,小倉,１勝ｸﾗｽ・牝,自己条件,15,カレンヒメ,ダノンシャンティ,5,横山和生,1200,良,1200.0,1.8,2.5,210.0,芝,短距離,,,右回り,5歳以上,210.0,210.0,210.0,210.0,210.0,210.0,210.0,210.0,210.0,3200.0,6720.0,6720.0,6720.0,6720.0,6720.0,6720.0,6720.0,6720.0,6720.0
2022-02-06,小倉,由布院Ｈ･2勝,自己条件,14,ロードシュトローム,マクフィ,4,横山和生,1700,良,1400.0,3.0,4.8,0.0,ダート,中距離,,距離延長,右回り,4歳,0.0,0.0,0.0,0.0,0.0,0.0,0.0,0.0,0.0,1900.0,0.0,0.0,0.0,0.0,0.0,0.0,0.0,0.0,0.0
2022-02-06,小倉,１勝ｸﾗｽ,自己条件,3,ワンダーアマルフィ,ワールドエース,5,横山和生,2400,良,1800.0,1.1,1.4,0.0,ダート,長距離,,距離延長,右回り,5歳以上,0.0,0.0,0.0,0.0,0.0,0.0,0.0,0.0,0.0,5300.0,0.0,0.0,0.0,0.0,0.0,0.0,0.0,0.0,0.0
2022-02-06,小倉,未勝利,未勝利,3,アーブルチム,ルーラーシップ,3,横山和生,1800,良,1800.0,13.3,26.4,0.0,芝,中距離,,,右回り,3歳,0.0,0.0,0.0,0.0,0.0,0.0,0.0,0.0,0.0,400.0,0.0,0.0,0.0,0.0,0.0,0.0,0.0,0.0,0.0
2022-02-06,小倉,新馬,新馬,14,ダイム,オルフェーヴル,3,横山和生,2000,良,,3.3,4.5,410.0,芝,中距離,,,右回り,3歳,410.0,410.0,410.0,410.0,410.0,410.0,410.0,410.0,410.0,1800.0,7380.0,7380.0,7380.0,7380.0,7380.0,7380.0,7380.0,7380.0,7380.0
2022-02-06,小倉,１勝ｸﾗｽ,自己条件,7,ワルツフォーデビー,トゥザワールド,5,横山和生,1000,良,1400.0,9.6,15.8,0.0,ダート,短距離,,距離短縮,右回り,5歳以上,0.0,0.0,0.0,0.0,0.0,0.0,0.0,0.0,0.0,600.0,0.0,0.0,0.0,0.0,0.0,0.0,0.0,0.0,0.0
2022-02-06,小倉,未勝利・牝,未勝利,4,ヒシハイドラ,ロードカナロア,3,横山和生,1800,良,2000.0,2.3,3.4,270.0,芝,中距離,,距離短縮,右回り,3歳,270.0,270.0,270.0,270.0,270.0,270.0,270.0,270.0,270.0,2500.0,6750.0,6750.0,6750.0,6750.0,6750.0,6750.0,6750.0,6750.0,6750.0
2022-02-05,小倉,玄海特別･2勝,自己条件,2,メイショウカクウン,サクラオールイン,7,横山和生,1800,良,1800.0,4.0,6.8,0.0,芝,中距離,,,右回り,5歳以上,0.0,0.0,0.0,0.0,0.0,0.0,0.0,0.0,0.0,1400.0,0.0,0.0,0.0,0.0,0.0,0.0,0.0,0.0,0.0
2022-02-05,小倉,角島特別･1勝,自己条件,2,ヒルノブルージュ,ヒルノダムール,5,横山和生,1700,良,1700.0,1.8,2.6,0.0,ダート,中距離,,,右回り,5歳以上,0.0,0.0,0.0,0.0,0.0,0.0,0.0,0.0,0.0,3200.0,0.0,0.0,0.0,0.0,0.0,0.0,0.0,0.0,0.0
2022-02-05,小倉,かささぎ･1勝,自己条件,12,サンディブリッジ,ブラックタイド,3,横山和生,1200,良,1200.0,14.1,21.9,0.0,芝,短距離,,,右回り,3歳,0.0,0.0,0.0,0.0,0.0,0.0,0.0,0.0,0.0,400.0,0.0,0.0,0.0,0.0,0.0,0.0,0.0,0.0,0.0
2022-02-05,小倉,未勝利,未勝利,11,リュミエールノワル,ロードカナロア,3,横山和生,2000,良,1800.0,5.1,8.1,0.0,芝,中距離,,距離延長,右回り,3歳,0.0,0.0,0.0,0.0,0.0,0.0,0.0,0.0,0.0,1100.0,0.0,0.0,0.0,0.0,0.0,0.0,0.0,0.0,0.0
2022-02-05,小倉,未勝利,未勝利,2,レッドベスティア,ダイワメジャー,3,横山和生,1000,良,1200.0,2.4,5.7,0.0,ダート,短距離,,距離短縮,右回り,3歳,0.0,0.0,0.0,0.0,0.0,0.0,0.0,0.0,0.0,2400.0,0.0,0.0,0.0,0.0,0.0,0.0,0.0,0.0,0.0
2022-01-30,東京,２勝ｸﾗｽ,自己条件,2,ドンナセレーノ,Lord Kanaloa,4,横山和生,2000,良,1800.0,1.1,2.2,0.0,芝,中距離,,距離延長,左回り,4歳,0.0,0.0,0.0,0.0,0.0,0.0,0.0,0.0,0.0,5300.0,0.0,0.0,0.0,0.0,0.0,0.0,0.0,0.0,0.0
2022-01-30,東京,根岸ＳG3,重賞,5,オメガレインボー,アイルハヴアナザー,6,横山和生,1400,良,1200.0,1.6,2.1,0.0,ダート,短距離,,距離延長,左回り,5歳以上,0.0,0.0,0.0,0.0,0.0,0.0,0.0,0.0,0.0,3600.0,0.0,0.0,0.0,0.0,0.0,0.0,0.0,0.0,0.0
2022-01-30,東京,節分Ｓ･3勝,自己条件,3,タガノディアーナ,リオンディーズ,4,横山和生,1600,良,1800.0,1.3,2.0,130.0,芝,短距離,,距離短縮,左回り,4歳,122.2,122.2,122.2,122.85,122.85,122.85,123.5,123.5,123.5,4500.0,5499.0,5499.0,5499.0,5528.25,5528.25,5528.25,5557.5,5557.5,5557.5
2022-01-30,東京,２勝ｸﾗｽ,自己条件,14,タイセイサムソン,メイショウサムソン,4,横山和生,1400,良,1800.0,1.4,5.1,0.0,ダート,短距離,,距離短縮,左回り,4歳,0.0,0.0,0.0,0.0,0.0,0.0,0.0,0.0,0.0,4100.0,0.0,0.0,0.0,0.0,0.0,0.0,0.0,0.0,0.0
2022-01-30,東京,新馬,新馬,8,ドリームビリーバー,ドレフォン,3,横山和生,1800,良,,3.7,6.7,0.0,芝,中距離,,,左回り,3歳,0.0,0.0,0.0,0.0,0.0,0.0,0.0,0.0,0.0,1600.0,0.0,0.0,0.0,0.0,0.0,0.0,0.0,0.0,0.0
2022-01-30,東京,未勝利,未勝利,3,ヒシアラカン,エピファネイア,3,横山和生,2100,良,1800.0,3.5,5.5,0.0,ダート,中距離,,距離延長,左回り,3歳,0.0,0.0,0.0,0.0,0.0,0.0,0.0,0.0,0.0,1700.0,0.0,0.0,0.0,0.0,0.0,0.0,0.0,0.0,0.0
2022-01-30,東京,未勝利,未勝利,9,ダイナマイトベルン,サトノアラジン,3,横山和生,1400,良,1800.0,3.1,4.9,0.0,ダート,短距離,,距離短縮,左回り,3歳,0.0,0.0,0.0,0.0,0.0,0.0,0.0,0.0,0.0,1900.0,0.0,0.0,0.0,0.0,0.0,0.0,0.0,0.0,0.0
2022-01-29,小倉,周防灘特･2勝,自己条件,7,ヴィズサクセス,Siyouni,5,横山和生,1200,良,1200.0,2.5,3.5,0.0,芝,短距離,,,右回り,5歳以上,0.0,0.0,0.0,0.0,0.0,0.0,0.0,0.0,0.0,2300.0,0.0,0.0,0.0,0.0,0.0,0.0,0.0,0.0,0.0
2022-01-29,小倉,有田特別･2勝,自己条件,8,メイショウソウビ,プリサイスエンド,8,横山和生,1000,良,1200.0,12.8,19.5,0.0,ダート,短距離,,距離短縮,右回り,5歳以上,0.0,0.0,0.0,0.0,0.0,0.0,0.0,0.0,0.0,500.0,0.0,0.0,0.0,0.0,0.0,0.0,0.0,0.0,0.0
2022-01-29,小倉,日田特別･1勝,自己条件,8,フィアスプライド,ディープインパクト,4,横山和生,1800,良,1600.0,1.1,1.7,110.0,芝,中距離,,距離延長,右回り,4歳,103.4,103.4,103.4,103.95,103.95,103.95,104.5,104.5,104.5,5300.0,5480.2,5480.2,5480.2,5509.35,5509.35,5509.35,5538.5,5538.5,5538.5
2022-01-29,小倉,未勝利,未勝利,13,シナモンロール,ストロングリターン,3,横山和生,1200,良,1200.0,2.2,3.6,290.0,芝,短距離,,,右回り,3歳,290.0,290.0,290.0,290.0,290.0,290.0,290.0,290.0,290.0,2600.0,7540.0,7540.0,7540.0,7540.0,7540.0,7540.0,7540.0,7540.0,7540.0
2022-01-29,小倉,未勝利,未勝利,4,パーティーベル,ハービンジャー,3,横山和生,1700,良,1400.0,1.3,3.0,0.0,ダート,中距離,,距離延長,右回り,3歳,0.0,0.0,0.0,0.0,0.0,0.0,0.0,0.0,0.0,4500.0,0.0,0.0,0.0,0.0,0.0,0.0,0.0,0.0,0.0
2022-01-23,小倉,１勝ｸﾗｽ・牝,自己条件,8,シャインユニバンス,ルーラーシップ,4,横山和生,2000,重,2000.0,6.6,10.5,0.0,芝,中距離,芝道悪,,右回り,4歳,0.0,0.0,0.0,0.0,0.0,0.0,0.0,0.0,0.0,900.0,0.0,0.0,0.0,0.0,0.0,0.0,0.0,0.0,0.0
2022-01-23,小倉,海の中道･2勝,自己条件,11,タイセイドリーマー,ハーツクライ,4,横山和生,2600,重,2200.0,6.9,10.4,0.0,芝,長距離,芝道悪,距離延長,右回り,4歳,0.0,0.0,0.0,0.0,0.0,0.0,0.0,0.0,0.0,800.0,0.0,0.0,0.0,0.0,0.0,0.0,0.0,0.0,0.0
2022-01-23,小倉,１勝ｸﾗｽ,自己条件,9,トーセンインディゴ,ダイワメジャー,4,横山和生,1700,重,1400.0,3.8,5.4,0.0,ダート,中距離,ダ道悪,距離延長,右回り,4歳,0.0,0.0,0.0,0.0,0.0,0.0,0.0,0.0,0.0,1500.0,0.0,0.0,0.0,0.0,0.0,0.0,0.0,0.0,0.0
2022-01-23,小倉,未勝利,未勝利,16,ミッキーハーモニー,キタサンブラック,3,横山和生,1200,重,1200.0,1.7,2.6,190.0,芝,短距離,芝道悪,,右回り,3歳,178.6,178.6,178.6,179.55,179.55,179.55,180.5,180.5,180.5,3400.0,6072.4,6072.4,6072.4,6104.7,6104.7,6104.7,6137.0,6137.0,6137.0
2022-01-23,小倉,新馬,新馬,2,リュミエールノワル,ロードカナロア,3,横山和生,1800,重,,3.5,5.3,0.0,芝,中距離,芝道悪,,右回り,3歳,0.0,0.0,0.0,0.0,0.0,0.0,0.0,0.0,0.0,1700.0,0.0,0.0,0.0,0.0,0.0,0.0,0.0,0.0,0.0
2022-01-23,小倉,未勝利,未勝利,10,ワーフデール,ハービンジャー,3,横山和生,1800,稍,2000.0,1.4,1.6,140.0,芝,中距離,芝道悪,距離短縮,右回り,3歳,131.6,131.6,131.6,132.3,132.3,132.3,133.0,133.0,133.0,4100.0,5395.6,5395.6,5395.6,5424.3,5424.3,5424.3,5453.0,5453.0,5453.0
2022-01-22,小倉,１勝ｸﾗｽ,自己条件,16,バトーデュシエル,ロードカナロア,5,横山和生,1200,良,1200.0,1.6,2.1,180.0,芝,短距離,,,右回り,5歳以上,169.2,169.2,169.2,170.1,170.1,170.1,171.0,171.0,171.0,3600.0,6091.2,6091.2,6091.2,6123.6,6123.6,6123.6,6156.0,6156.0,6156.0
2022-01-22,小倉,小倉城特･2勝,自己条件,5,ショウナンマリオ,トビーズコーナー,5,横山和生,1700,良,1600.0,2.6,3.3,0.0,ダート,中距離,,距離延長,右回り,5歳以上,0.0,0.0,0.0,0.0,0.0,0.0,0.0,0.0,0.0,2200.0,0.0,0.0,0.0,0.0,0.0,0.0,0.0,0.0,0.0
2022-01-22,小倉,鳥栖特別･1勝,自己条件,13,ウインリブルマン,エピファネイア,4,横山和生,1800,良,2000.0,1.6,2.2,180.0,芝,中距離,,距離短縮,右回り,4歳,169.2,169.2,169.2,170.1,170.1,170.1,171.0,171.0,171.0,3600.0,6091.2,6091.2,6091.2,6123.6,6123.6,6123.6,6156.0,6156.0,6156.0
2022-01-22,小倉,萌黄賞･1勝*,自己条件,12,サンディブリッジ,ブラックタイド,3,横山和生,1200,良,1400.0,8.9,14.0,0.0,芝,短距離,,距離短縮,右回り,3歳,0.0,0.0,0.0,0.0,0.0,0.0,0.0,0.0,0.0,700.0,0.0,0.0,0.0,0.0,0.0,0.0,0.0,0.0,0.0
2022-01-22,小倉,未勝利,未勝利,14,エーデルブルーメ,ハービンジャー,3,横山和生,2000,良,2000.0,1.4,3.1,140.0,芝,中距離,,,右回り,3歳,131.6,131.6,131.6,132.3,132.3,132.3,133.0,133.0,133.0,4100.0,5395.6,5395.6,5395.6,5424.3,5424.3,5424.3,5453.0,5453.0,5453.0
2022-01-22,小倉,未勝利・牝,未勝利,6,アーブルチム,ルーラーシップ,3,横山和生,1800,良,2000.0,5.5,10.1,0.0,芝,中距離,,距離短縮,右回り,3歳,0.0,0.0,0.0,0.0,0.0,0.0,0.0,0.0,0.0,1100.0,0.0,0.0,0.0,0.0,0.0,0.0,0.0,0.0,0.0
2022-01-16,小倉,１勝ｸﾗｽ,自己条件,11,ウインミニヨン,ダノンシャンティ,4,横山和生,2000,良,1600.0,3.1,4.6,420.0,芝,中距離,,距離延長,右回り,4歳,420.0,420.0,420.0,420.0,420.0,420.0,420.0,420.0,420.0,1900.0,7980.0,7980.0,7980.0,7980.0,7980.0,7980.0,7980.0,7980.0,7980.0
2022-01-16,小倉,門司Ｓ,OP,6,ハギノリュクス,ルーラーシップ,5,横山和生,1700,良,1800.0,4.8,8.0,0.0,ダート,中距離,,距離短縮,右回り,5歳以上,0.0,0.0,0.0,0.0,0.0,0.0,0.0,0.0,0.0,1200.0,0.0,0.0,0.0,0.0,0.0,0.0,0.0,0.0,0.0
2022-01-16,小倉,宇佐特別･2勝,自己条件,9,ミトロジー,ダイワメジャー,6,横山和生,1800,良,1800.0,2.1,3.3,0.0,芝,中距離,,,右回り,5歳以上,0.0,0.0,0.0,0.0,0.0,0.0,0.0,0.0,0.0,2800.0,0.0,0.0,0.0,0.0,0.0,0.0,0.0,0.0,0.0
2022-01-16,小倉,１勝ｸﾗｽ,自己条件,15,ショウナンラスボス,ダイワメジャー,4,横山和生,1200,良,1200.0,1.4,1.6,150.0,芝,短距離,,,右回り,4歳,141.0,141.0,141.0,141.75,141.75,141.75,142.5,142.5,142.5,4100.0,5781.0,5781.0,5781.0,5811.75,5811.75,5811.75,5842.5,5842.5,5842.5
2022-01-16,小倉,１勝ｸﾗｽ*,自己条件,1,エルパソ,マクフィ,3,横山和生,1700,良,1600.0,1.5,2.1,160.0,ダート,中距離,,距離延長,右回り,3歳,150.4,150.4,150.4,151.2,151.2,151.2,152.0,152.0,152.0,3900.0,5865.6,5865.6,5865.6,5896.8,5896.8,5896.8,5928.0,5928.0,5928.0
2022-01-16,小倉,未勝利,未勝利,13,オーソレミオ,ディープインパクト,3,横山和生,1800,良,1500.0,1.3,1.8,140.0,芝,中距離,,距離延長,右回り,3歳,131.6,131.6,131.6,132.3,132.3,132.3,133.0,133.0,133.0,4500.0,5922.0,5922.0,5922.0,5953.5,5953.5,5953.5,5985.0,5985.0,5985.0
2022-01-16,小倉,新馬,新馬,5,ベジェサ,イスラボニータ,3,横山和生,1200,良,,4.2,7.4,0.0,芝,短距離,,,右回り,3歳,0.0,0.0,0.0,0.0,0.0,0.0,0.0,0.0,0.0,1400.0,0.0,0.0,0.0,0.0,0.0,0.0,0.0,0.0,0.0
2022-01-16,小倉,未勝利・牝,未勝利,5,カンタルーパ,ヘニーヒューズ,3,横山和生,1700,良,1200.0,4.3,11.8,0.0,ダート,中距離,,距離延長,右回り,3歳,0.0,0.0,0.0,0.0,0.0,0.0,0.0,0.0,0.0,1300.0,0.0,0.0,0.0,0.0,0.0,0.0,0.0,0.0,0.0
2022-01-15,小倉,１勝ｸﾗｽ,自己条件,11,カレンヒメ,ダノンシャンティ,5,横山和生,1200,良,1200.0,1.8,2.4,0.0,芝,短距離,,,右回り,5歳以上,0.0,0.0,0.0,0.0,0.0,0.0,0.0,0.0,0.0,3200.0,0.0,0.0,0.0,0.0,0.0,0.0,0.0,0.0,0.0
2022-01-15,小倉,壇之浦Ｈ･3勝,自己条件,8,タガノディアーナ,リオンディーズ,4,横山和生,1800,良,1800.0,1.4,2.0,0.0,芝,中距離,,,右回り,4歳,0.0,0.0,0.0,0.0,0.0,0.0,0.0,0.0,0.0,4100.0,0.0,0.0,0.0,0.0,0.0,0.0,0.0,0.0,0.0
2022-01-15,小倉,響灘特別･2勝,自己条件,1,ファジェス,モーリス,4,横山和生,1700,良,1600.0,1.5,2.2,0.0,ダート,中距離,,距離延長,右回り,4歳,0.0,0.0,0.0,0.0,0.0,0.0,0.0,0.0,0.0,3900.0,0.0,0.0,0.0,0.0,0.0,0.0,0.0,0.0,0.0
2022-01-15,小倉,未勝利,未勝利,11,グリーンバローズ,エピファネイア,3,横山和生,2000,良,1800.0,1.8,2.4,0.0,芝,中距離,,距離延長,右回り,3歳,0.0,0.0,0.0,0.0,0.0,0.0,0.0,0.0,0.0,3200.0,0.0,0.0,0.0,0.0,0.0,0.0,0.0,0.0,0.0
2022-01-15,小倉,未勝利,未勝利,14,グラスミヤラビ,サトノアラジン,3,横山和生,1200,良,1200.0,1.5,2.1,170.0,芝,短距離,,,右回り,3歳,159.8,159.8,159.8,160.65,160.65,160.65,161.5,161.5,161.5,3900.0,6232.2,6232.2,6232.2,6265.35,6265.35,6265.35,6298.5,6298.5,6298.5
2022-01-15,小倉,未勝利,未勝利,8,ディーノエナジー,マジェスティックウォリアー,3,横山和生,1700,良,1800.0,1.1,2.0,0.0,ダート,中距離,,距離短縮,右回り,3歳,0.0,0.0,0.0,0.0,0.0,0.0,0.0,0.0,0.0,5300.0,0.0,0.0,0.0,0.0,0.0,0.0,0.0,0.0,0.0
2022-01-10,中山,フェアリG3,重賞,15,テーオーシャルマン,ラブリーデイ,3,横山和生,1600,良,1400.0,39.3,57.8,0.0,芝,短距離,,距離延長,右回り,3歳,0.0,0.0,0.0,0.0,0.0,0.0,0.0,0.0,0.0,100.0,0.0,0.0,0.0,0.0,0.0,0.0,0.0,0.0,0.0
2022-01-10,中山,迎春Ｓ･3勝,自己条件,15,サトノラディウス,ディープインパクト,6,横山和生,2200,良,2500.0,2.8,4.5,0.0,芝,中距離,,距離短縮,右回り,5歳以上,0.0,0.0,0.0,0.0,0.0,0.0,0.0,0.0,0.0,2100.0,0.0,0.0,0.0,0.0,0.0,0.0,0.0,0.0,0.0
2022-01-10,中山,成田特別･2勝,自己条件,6,カフェキング,キングカメハメハ,5,横山和生,2400,良,2500.0,1.2,1.7,0.0,ダート,長距離,,距離短縮,右回り,5歳以上,0.0,0.0,0.0,0.0,0.0,0.0,0.0,0.0,0.0,4800.0,0.0,0.0,0.0,0.0,0.0,0.0,0.0,0.0,0.0
2022-01-10,中山,２勝ｸﾗｽ,自己条件,2,コーリングローリー,ヘニーヒューズ,5,横山和生,1200,良,1150.0,12.5,34.6,0.0,ダート,短距離,,距離延長,右回り,5歳以上,0.0,0.0,0.0,0.0,0.0,0.0,0.0,0.0,0.0,500.0,0.0,0.0,0.0,0.0,0.0,0.0,0.0,0.0,0.0
2022-01-10,中山,新馬・牝,新馬,5,ミストーザイ,アドマイヤムーン,3,横山和生,1200,良,,32.5,51.7,0.0,ダート,短距離,,,右回り,3歳,0.0,0.0,0.0,0.0,0.0,0.0,0.0,0.0,0.0,200.0,0.0,0.0,0.0,0.0,0.0,0.0,0.0,0.0,0.0
2022-01-10,中山,未勝利,未勝利,1,セブンダートオー,ホッコータルマエ,3,横山和生,1800,良,1600.0,1.6,2.7,0.0,ダート,中距離,,距離延長,右回り,3歳,0.0,0.0,0.0,0.0,0.0,0.0,0.0,0.0,0.0,3600.0,0.0,0.0,0.0,0.0,0.0,0.0,0.0,0.0,0.0
2022-01-09,中山,ポルック,OP,4,ダノンスプレンダー,ロードカナロア,6,横山和生,1800,良,1700.0,1.7,1.9,190.0,ダート,中距離,,距離延長,右回り,5歳以上,178.6,178.6,178.6,179.55,179.55,179.55,180.5,180.5,180.5,3400.0,6072.4,6072.4,6072.4,6104.7,6104.7,6104.7,6137.0,6137.0,6137.0
2022-01-09,中山,朱竹賞･1勝*,自己条件,11,ピンクセイラー,イスラボニータ,3,横山和生,1200,良,1200.0,1.8,3.2,0.0,芝,短距離,,,右回り,3歳,0.0,0.0,0.0,0.0,0.0,0.0,0.0,0.0,0.0,3200.0,0.0,0.0,0.0,0.0,0.0,0.0,0.0,0.0,0.0
2022-01-09,中山,１勝ｸﾗｽ,自己条件,10,リオンドール,オルフェーヴル,4,横山和生,2400,良,2100.0,3.8,6.0,0.0,ダート,長距離,,距離延長,右回り,4歳,0.0,0.0,0.0,0.0,0.0,0.0,0.0,0.0,0.0,1500.0,0.0,0.0,0.0,0.0,0.0,0.0,0.0,0.0,0.0
2022-01-09,中山,１勝ｸﾗｽ,自己条件,7,ノボベルサイユ,リオンディーズ,4,横山和生,1200,良,1200.0,1.7,2.2,0.0,ダート,短距離,,,右回り,4歳,0.0,0.0,0.0,0.0,0.0,0.0,0.0,0.0,0.0,3400.0,0.0,0.0,0.0,0.0,0.0,0.0,0.0,0.0,0.0
2022-01-09,中山,新馬,新馬,10,アスクレッドスター,キズナ,3,横山和生,2000,稍,,5.3,9.0,0.0,芝,中距離,芝道悪,,右回り,3歳,0.0,0.0,0.0,0.0,0.0,0.0,0.0,0.0,0.0,1100.0,0.0,0.0,0.0,0.0,0.0,0.0,0.0,0.0,0.0
2022-01-09,中山,未勝利,未勝利,5,レインボーエンゼル,ゼンノロブロイ,3,横山和生,1600,稍,1600.0,40.0,64.4,0.0,芝,短距離,芝道悪,,右回り,3歳,0.0,0.0,0.0,0.0,0.0,0.0,0.0,0.0,0.0,100.0,0.0,0.0,0.0,0.0,0.0,0.0,0.0,0.0,0.0
2022-01-09,中山,未勝利,未勝利,11,パワーブローキング,アメリカンペイトリオット,3,横山和生,1800,良,1800.0,1.4,1.9,160.0,ダート,中距離,,,右回り,3歳,150.4,150.4,150.4,151.2,151.2,151.2,152.0,152.0,152.0,4100.0,6166.4,6166.4,6166.4,6199.2,6199.2,6199.2,6232.0,6232.0,6232.0
2022-01-08,中山,２勝ｸﾗｽ・牝,自己条件,6,マリノソフィア,ジャングルポケット,5,横山和生,1800,稍,2000.0,1.9,3.4,0.0,芝,中距離,芝道悪,距離短縮,右回り,5歳以上,0.0,0.0,0.0,0.0,0.0,0.0,0.0,0.0,0.0,3100.0,0.0,0.0,0.0,0.0,0.0,0.0,0.0,0.0,0.0
2022-01-08,中山,ニューイ(L),OP,11,フォルコメン,ヴィクトワールピサ,6,横山和生,1600,稍,1600.0,5.5,7.5,0.0,芝,短距離,芝道悪,,右回り,5歳以上,0.0,0.0,0.0,0.0,0.0,0.0,0.0,0.0,0.0,1100.0,0.0,0.0,0.0,0.0,0.0,0.0,0.0,0.0,0.0
2022-01-08,中山,黒竹賞･1勝*,自己条件,16,ホウオウルーレット,ロージズインメイ,3,横山和生,1800,稍,1800.0,1.1,1.1,110.0,ダート,中距離,ダ道悪,,右回り,3歳,103.4,103.4,103.4,103.95,103.95,103.95,104.5,104.5,104.5,5300.0,5480.2,5480.2,5480.2,5509.35,5509.35,5509.35,5538.5,5538.5,5538.5
2022-01-08,中山,新馬,新馬,12,キープオンラビン,モーリス,3,横山和生,1600,稍,,7.2,12.1,0.0,芝,短距離,芝道悪,,右回り,3歳,0.0,0.0,0.0,0.0,0.0,0.0,0.0,0.0,0.0,800.0,0.0,0.0,0.0,0.0,0.0,0.0,0.0,0.0,0.0
2022-01-08,中山,１勝ｸﾗｽ・牝,自己条件,13,セレンゲティ,ダイワメジャー,4,横山和生,1800,稍,1600.0,9.5,16.5,0.0,ダート,中距離,ダ道悪,距離延長,右回り,4歳,0.0,0.0,0.0,0.0,0.0,0.0,0.0,0.0,0.0,600.0,0.0,0.0,0.0,0.0,0.0,0.0,0.0,0.0,0.0
2022-01-08,中山,新馬,新馬,9,ライチトゥーム,ストロングリターン,3,横山和生,1200,稍,,12.3,18.3,0.0,ダート,短距離,ダ道悪,,右回り,3歳,0.0,0.0,0.0,0.0,0.0,0.0,0.0,0.0,0.0,500.0,0.0,0.0,0.0,0.0,0.0,0.0,0.0,0.0,0.0
2022-01-08,中山,未勝利,未勝利,3,ジョワメール,ベーカバド,3,横山和生,1800,稍,1800.0,12.6,28.7,0.0,ダート,中距離,ダ道悪,,右回り,3歳,0.0,0.0,0.0,0.0,0.0,0.0,0.0,0.0,0.0,500.0,0.0,0.0,0.0,0.0,0.0,0.0,0.0,0.0,0.0
2022-01-05,中山,２勝ｸﾗｽ,自己条件,4,ケンアンビシャス,トゥザワールド,4,横山和生,2000,良,1800.0,1.5,2.5,0.0,芝,中距離,,距離延長,右回り,4歳,0.0,0.0,0.0,0.0,0.0,0.0,0.0,0.0,0.0,3900.0,0.0,0.0,0.0,0.0,0.0,0.0,0.0,0.0,0.0
2022-01-05,中山,中山金杯ＨG3,重賞,7,トーセンスーリヤ,ローエングリン,7,横山和生,2000,良,2000.0,1.4,1.9,0.0,芝,中距離,,,右回り,5歳以上,0.0,0.0,0.0,0.0,0.0,0.0,0.0,0.0,0.0,4100.0,0.0,0.0,0.0,0.0,0.0,0.0,0.0,0.0,0.0
2022-01-05,中山,ジュニア(L),OP,8,ロイヤルザップ,キングカメハメハ,3,横山和生,1600,良,1600.0,20.8,41.8,0.0,芝,短距離,,,右回り,3歳,0.0,0.0,0.0,0.0,0.0,0.0,0.0,0.0,0.0,300.0,0.0,0.0,0.0,0.0,0.0,0.0,0.0,0.0,0.0
2022-01-05,中山,招福Ｓ･3勝,自己条件,3,ダノンアレー,ディープインパクト,5,横山和生,1800,良,2000.0,2.2,2.8,0.0,ダート,中距離,,距離短縮,右回り,5歳以上,0.0,0.0,0.0,0.0,0.0,0.0,0.0,0.0,0.0,2600.0,0.0,0.0,0.0,0.0,0.0,0.0,0.0,0.0,0.0
2022-01-05,中山,２勝ｸﾗｽ,自己条件,5,タイセイサムソン,メイショウサムソン,4,横山和生,1800,良,1700.0,1.4,1.7,0.0,ダート,中距離,,距離延長,右回り,4歳,0.0,0.0,0.0,0.0,0.0,0.0,0.0,0.0,0.0,4100.0,0.0,0.0,0.0,0.0,0.0,0.0,0.0,0.0,0.0
2022-01-05,中山,未勝利,未勝利,5,クアトロマジコ,サトノアラジン,3,横山和生,1800,良,1800.0,1.1,1.8,130.0,ダート,中距離,,,右回り,3歳,122.2,122.2,122.2,122.85,122.85,122.85,123.5,123.5,123.5,5300.0,6476.6,6476.6,6476.6,6511.05,6511.05,6511.05,6545.5,6545.5,6545.5
2022-01-05,中山,未勝利・牝,未勝利,13,アメカテソーロ,アドマイヤムーン,3,横山和生,1800,良,1600.0,3.5,10.7,0.0,ダート,中距離,,距離延長,右回り,3歳,0.0,0.0,0.0,0.0,0.0,0.0,0.0,0.0,0.0,1700.0,0.0,0.0,0.0,0.0,0.0,0.0,0.0,0.0,0.0
